feature,shap,lwr_shap,upr_shap,rate,rate_lwr,rate_upr
baseline,0.03089370000552745,0.007588361131319977,0.06010821814003759,NA,NA,NA
T0__cont_trait_0,0.008776082571874745,-0.011185205407036396,0.03645896518920092,0.12460333672376535,0.051121018003179065,0.2136653344172735
T0__cat_trait_0,0.005495052359158634,-0.014729325489643313,0.02602299489901771,NA,NA,NA
T0__pvr_0,0.011854437401947826,-0.011128386264092446,0.04333313229274817,NA,NA,NA
T0__pvr_1,0.0063643978969268634,-0.011888887855981651,0.03250241727763706,NA,NA,NA
T0__time,0.061219666488329785,0.020616744253654853,0.11219312753506766,NA,NA,NA
T1__cont_trait_0,0.006551562470652358,-0.01278752789411271,0.03079292805588204,0.12614642826207761,0.03695225642888598,0.21900152405610718
T1__cat_trait_0,0.007501354718645075,-0.011913905812565434,0.0316614021799346,NA,NA,NA
T1__pvr_0,0.013376280011309217,-0.011827456890914767,0.04457095243792994,NA,NA,NA
T1__pvr_1,0.007968641913439016,-0.012139766031139261,0.030361544472150427,NA,NA,NA
T1__time,0.05985488914250453,0.01552841708797581,0.10552821597247031,NA,NA,NA
T2__cont_trait_0,0.007435964114849727,-0.011199450273092907,0.03151947486026299,0.11202251979197282,0.038027642561390324,0.1798737513820891
T2__cat_trait_0,0.0031456014106547568,-0.013069108125259191,0.022679639880632357,NA,NA,NA
T2__pvr_0,0.006945894538084542,-0.01567408626086997,0.03114613078699102,NA,NA,NA
T2__pvr_1,0.004329788056637905,-0.014749317120766707,0.026456732317689975,NA,NA,NA
T2__time,0.05927157166621843,0.021404301004722744,0.10842924425793904,NA,NA,NA
T3__cont_trait_0,0.00310008550020662,-0.014445363737080998,0.023247408324329408,0.11745396105624802,0.0625223737749736,0.1935276730349453
T3__cat_trait_0,0.0033307405199760674,-0.013427532437476533,0.02161337876030256,NA,NA,NA
T3__pvr_0,0.008237638473362181,-0.011331014932269838,0.03459316771904057,NA,NA,NA
T3__pvr_1,0.013746214306205744,-0.011898694179189973,0.043348706787355494,NA,NA,NA
T3__time,0.05814558225096995,0.024027284424174938,0.10346535575587099,NA,NA,NA
T4__cont_trait_0,-0.0003291937301813633,-0.013961923917255127,0.013123858314077539,0.09432701560575295,0.031229187110251428,0.15930340269382498
T4__cat_trait_0,-0.002853877297814775,-0.018786296099248853,0.016119880185034626,NA,NA,NA
T4__pvr_0,0.00382398669578906,-0.018102618827726652,0.025961328214643885,NA,NA,NA
T4__pvr_1,0.0052078379798193705,-0.009062644032745211,0.02671037485806331,NA,NA,NA
T4__time,0.05758456195261317,0.008312068043866314,0.1020180341908477,NA,NA,NA
T5__cont_trait_0,0.009154937681356353,-0.01177971730568997,0.03277272173852829,0.11527722525425897,0.0450072429499611,0.18959537357731152
T5__cat_trait_0,-0.001271795439072118,-0.018939592055567073,0.017522503255186977,NA,NA,NA
T5__pvr_0,0.005835200685594771,-0.017064080808272777,0.03242964638013867,NA,NA,NA
T5__pvr_1,0.00602313665890126,-0.010894012909070525,0.02523661096330753,NA,NA,NA
T5__time,0.06464204566195131,0.016018719246878463,0.11096779578298273,NA,NA,NA
T6__cont_trait_0,0.00024046484841173956,-0.013770265437668822,0.015953947996380738,0.08233577380653047,0.030567993322274195,0.12577259160852658
T6__cat_trait_0,0.0015047942243031057,-0.01028546850500342,0.017999726727932923,NA,NA,NA
T6__pvr_0,0.004642134786865717,-0.01495849076708168,0.02713689326446258,NA,NA,NA
T6__pvr_1,-0.0014327291564803653,-0.017964149036469763,0.01414705009737341,NA,NA,NA
T6__time,0.04648740909790287,0.011426721790077622,0.08907886841745061,NA,NA,NA
T7__cont_trait_0,0.0005745861990675893,-0.009282082895750294,0.013037042059037237,0.025007146510432485,0.0008072622665867245,0.08979126197064671
T7__cat_trait_0,0.0008578299226299495,-0.011551072731229833,0.026478144884118288,NA,NA,NA
T7__pvr_0,0.00289742721836928,-0.01033756862108641,0.02307729125364703,NA,NA,NA
T7__pvr_1,0.005915103897463973,-0.009600403527494531,0.023395781026048536,NA,NA,NA
T7__time,-0.01613150073262575,-0.02616146954095263,-0.005067358353030308,NA,NA,NA
T8__cont_trait_0,0.00883066121501501,-0.008783926476978005,0.03107012005150733,0.11741261337124388,0.04585421370442122,0.20093482326793033
T8__cat_trait_0,0.004765947380344934,-0.014814078979507893,0.02126239082807109,NA,NA,NA
T8__pvr_0,0.006511517539887861,-0.01354706358817008,0.030931807240180943,NA,NA,NA
T8__pvr_1,0.014931575456019341,-0.014407834312361232,0.048897247896660875,NA,NA,NA
T8__time,0.05147921177444928,0.012215310056790728,0.09749674615054485,NA,NA,NA
T9__cont_trait_0,0.005177535378099978,-0.014277246453309899,0.026484946213055055,0.10671344133373506,0.04493181619934643,0.1783950302235866
T9__cat_trait_0,0.0022210849674084115,-0.01209890912334294,0.019384888961343893,NA,NA,NA
T9__pvr_0,0.006078805430683026,-0.015330119718721856,0.0323408901864181,NA,NA,NA
T9__pvr_1,0.011036097969516004,-0.012945725192661375,0.03961133668564221,NA,NA,NA
T9__time,0.0513062175825001,0.012794475214740815,0.08719993257835455,NA,NA,NA
T10__cont_trait_0,0.003186865442893421,-0.014428823936085158,0.02470009991907294,0.10579600807930482,0.033719794640785755,0.18097828286604176
T10__cat_trait_0,0.0015055143411598733,-0.021422610857009087,0.026634827673945018,NA,NA,NA
T10__pvr_0,0.005494049754297901,-0.021389041116742644,0.031887713604303244,NA,NA,NA
T10__pvr_1,0.01385247564660346,-0.007586151780403066,0.04064471056491549,NA,NA,NA
T10__time,0.050863402888822774,0.003016960151589138,0.09293008685414816,NA,NA,NA
T11__cont_trait_0,0.011328269212311289,-0.014598720196109145,0.0385833703233959,0.10932081137628753,0.04436693051742733,0.18603410323991593
T11__cat_trait_0,0.0046960221920594085,-0.01793827852052638,0.02861412680201479,NA,NA,NA
T11__pvr_0,0.007568124385653487,-0.015881358530053485,0.038086389793430514,NA,NA,NA
T11__pvr_1,0.008171227286031158,-0.018910859935074707,0.0405709611737807,NA,NA,NA
T11__time,0.046663468294704684,0.0010097310577627215,0.08484454359453873,NA,NA,NA
T12__cont_trait_0,0.0050737003740082415,-0.01132811703076593,0.023790109547205198,0.08453173233248516,0.03730209522621836,0.12599677998441883
T12__cat_trait_0,0.0005864921528399167,-0.014007223538086366,0.017325532034275448,NA,NA,NA
T12__pvr_0,0.002090102831691347,-0.016785463970194557,0.02231116557410895,NA,NA,NA
T12__pvr_1,0.0015456826630938613,-0.016537832923995077,0.01647513108461396,NA,NA,NA
T12__time,0.04434205430532439,0.012513886187713968,0.0833512614627533,NA,NA,NA
T13__cont_trait_0,0.008229445600850765,-0.016233277703224608,0.0409153681778834,0.136319600019772,0.05135723169363313,0.2355747438576699
T13__cat_trait_0,0.0008464104608654617,-0.026657014420164906,0.026562819247442616,NA,NA,NA
T13__pvr_0,0.015902564343923915,-0.01512102233380289,0.05721773753772942,NA,NA,NA
T13__pvr_1,0.018894586154140882,-0.025735510713875816,0.07058944702972413,NA,NA,NA
T13__time,0.061552893454463554,0.006838180799567391,0.11871794627039786,NA,NA,NA
T14__cont_trait_0,8.150257544349303e-05,-0.005582047314545566,0.008163340493633323,0.012874660433657124,0.0012100980709256852,0.03943345775416422
T14__cat_trait_0,5.605466918631255e-06,-0.011771389641890506,0.010974359129747712,NA,NA,NA
T14__pvr_0,-0.005013032294429492,-0.02058741329060704,0.006739544458425494,NA,NA,NA
T14__pvr_1,0.001089100239145129,-0.004728567727338496,0.008227696254590175,NA,NA,NA
T14__time,-0.014182215558948087,-0.0240468767821199,-0.00515208672318426,NA,NA,NA
T15__cont_trait_0,0.00825277488152297,-0.010903461649313311,0.0316729087473718,0.1091620761823757,0.03793987542626545,0.17102392789688536
T15__cat_trait_0,0.002986766256322768,-0.013346332303976804,0.019475814977148734,NA,NA,NA
T15__pvr_0,0.004279819054861012,-0.015208116148238752,0.026423836878632978,NA,NA,NA
T15__pvr_1,0.009749169451220823,-0.016798296252317987,0.03640363542089198,NA,NA,NA
T15__time,0.052999846532920725,0.01238765883550893,0.0962099443968109,NA,NA,NA
T16__cont_trait_0,0.0017078216826298665,-0.014145049795838615,0.021739680870018353,0.08390591115388171,0.028732583887251986,0.14093532988361823
T16__cat_trait_0,0.0009408431454126366,-0.011851502107778845,0.015480268269315478,NA,NA,NA
T16__pvr_0,0.004439583859529376,-0.014355145153642456,0.02420826301983221,NA,NA,NA
T16__pvr_1,0.002123747293259472,-0.011264521679055972,0.017156827516677974,NA,NA,NA
T16__time,0.043800215167522895,0.006226252583631835,0.08265734642252454,NA,NA,NA
T17__cont_trait_0,0.005091839277561959,-0.010722604060582827,0.024404576533163868,0.10727461030656044,0.035930568925461745,0.16272966780895515
T17__cat_trait_0,-0.0012867165910718393,-0.017840481241860103,0.01611567735671662,NA,NA,NA
T17__pvr_0,0.0030842021842054307,-0.020277510970294964,0.026939225807452984,NA,NA,NA
T17__pvr_1,0.0053297733726347,-0.010241447837741852,0.02686981583927303,NA,NA,NA
T17__time,0.06416181205770273,0.012926258039762127,0.1054618230881934,NA,NA,NA
T18__cont_trait_0,0.008017779809630319,-0.014707551935407763,0.03405857526387845,0.09541294389861674,0.03681798163806577,0.1578981319739397
T18__cat_trait_0,0.0019703964075446045,-0.017573814926551502,0.023047808572673946,NA,NA,NA
T18__pvr_0,0.0015716794779888654,-0.01776595686824781,0.022881531488721792,NA,NA,NA
T18__pvr_1,0.001574965601952387,-0.01616064429017571,0.022116997330594954,NA,NA,NA
T18__time,0.051384422595973075,0.013137889105551356,0.096236231037087,NA,NA,NA
T19__cont_trait_0,0.008924528094925504,-0.02146466976516827,0.048423664227935856,0.10129608334649909,0.025521346513669656,0.19301422892371517
T19__cat_trait_0,0.0009644747867628387,-0.017277698554498976,0.022782164344978602,NA,NA,NA
T19__pvr_0,0.008493501476804664,-0.01553531538142595,0.03852701322117959,NA,NA,NA
T19__pvr_1,0.009421982235629595,-0.009314737514113734,0.04001804151497223,NA,NA,NA
T19__time,0.04259789674684907,0.00855903620722101,0.08064209479677427,NA,NA,NA
T20__cont_trait_0,0.003401586046951511,-0.019052447980199005,0.023889893790719346,0.10053059677603232,0.025530485342954212,0.19163062288638386
T20__cat_trait_0,0.003632685936360126,-0.018111327185532274,0.03090923574875127,NA,NA,NA
T20__pvr_0,0.004754983113342618,-0.01581273302584757,0.02825395295292808,NA,NA,NA
T20__pvr_1,0.0029901341593511366,-0.01341840495650911,0.022557338765508875,NA,NA,NA
T20__time,0.054857507514499415,0.005986465393980251,0.10691648107555904,NA,NA,NA
T21__cont_trait_0,1.346607437531062e-06,-0.006616529812194323,0.009008887865453685,0.01721832825444333,0.0009801524169176195,0.05371553967018427
T21__cat_trait_0,0.0005327265712136357,-0.010155007604991929,0.019183548120992933,NA,NA,NA
T21__pvr_0,-0.002037255114346404,-0.017370047244769732,0.010410563735009374,NA,NA,NA
T21__pvr_1,0.0033022292425258465,-0.004963250170627138,0.013812395100448648,NA,NA,NA
T21__time,-0.01547441905791473,-0.024701549844728006,-0.004215905362727625,NA,NA,NA
T22__cont_trait_0,0.00831232991137788,-0.01639468352291666,0.03425578777067412,0.10662332718020813,0.048449091849005275,0.18009338414961185
T22__cat_trait_0,0.0020810976820728752,-0.016982873981401837,0.023484963558991143,NA,NA,NA
T22__pvr_0,0.004494166297292964,-0.01713841994175505,0.03162213513177518,NA,NA,NA
T22__pvr_1,0.006103321396340881,-0.022534640137593147,0.03652800755992626,NA,NA,NA
T22__time,0.05473871188759614,0.007647965239566217,0.0969669630444196,NA,NA,NA
T23__cont_trait_0,0.00881429745970017,-0.014745198464025885,0.03354482530955767,0.13232511732486138,0.06724467120249,0.23060418806736546
T23__cat_trait_0,0.0019023415845884613,-0.018860970197326743,0.026474910625362322,NA,NA,NA
T23__pvr_0,0.007835735340450789,-0.01864690194429966,0.03966786422789009,NA,NA,NA
T23__pvr_1,0.013665322367928459,-0.007517234099583547,0.0429767536113901,NA,NA,NA
T23__time,0.06921372056666604,0.016983165100142417,0.12206060649500704,NA,NA,NA
T24__cont_trait_0,-0.0029089074379316645,-0.016492773127695107,0.014846334379172384,0.09690877915151862,0.042068740784305635,0.1532683020312065
T24__cat_trait_0,0.0023276010747181842,-0.01671910608895661,0.02759042153487111,NA,NA,NA
T24__pvr_0,-0.0034658469099500652,-0.02650274082795669,0.02176768721285443,NA,NA,NA
T24__pvr_1,0.006505231103862949,-0.010991521631772264,0.02968801306661896,NA,NA,NA
T24__time,0.06355700131529171,0.0212293098118497,0.10911071133671738,NA,NA,NA
T25__cont_trait_0,-0.0027050067669909523,-0.018970490823660147,0.010906063083768028,0.0923036934673125,0.035784287877909035,0.15653637975098184
T25__cat_trait_0,-0.0003435715730953537,-0.016651017310107263,0.0168880020747449,NA,NA,NA
T25__pvr_0,0.0002731318277552689,-0.02185416539153897,0.02187713480762575,NA,NA,NA
T25__pvr_1,0.004742732332078427,-0.009558779024740477,0.022587368301673807,NA,NA,NA
T25__time,0.05944270764203761,0.015505254714770073,0.1069028013308535,NA,NA,NA
T26__cont_trait_0,0.007422188047923393,-0.010260880024887831,0.027510249933194952,0.0932725531403062,0.042819793424984515,0.14545026241637776
T26__cat_trait_0,0.009363672763985502,-0.011270829746320644,0.03667410778011816,NA,NA,NA
T26__pvr_0,0.012464145234689816,-0.015599593462109144,0.041584399632876363,NA,NA,NA
T26__pvr_1,-0.002158031786345991,-0.028255865321044113,0.02177239439659901,NA,NA,NA
T26__time,0.03528687887452602,0.0004527915225514441,0.0709219970566128,NA,NA,NA
T27__cont_trait_0,0.007104083516217231,-0.01171379346552193,0.02973661760930639,0.12243665510557329,0.04956235676508847,0.19590193819315674
T27__cat_trait_0,0.0029645704248466797,-0.011682702821948472,0.023033810976070566,NA,NA,NA
T27__pvr_0,0.0065261879738247935,-0.02205895235252861,0.03139869135936803,NA,NA,NA
T27__pvr_1,0.006383663052376424,-0.011475993997027596,0.03015356642943503,NA,NA,NA
T27__time,0.06856445013278074,0.021546828267618813,0.10773308489644265,NA,NA,NA
T28__cont_trait_0,0.011544242481929404,-0.005502172726743285,0.034673295584222476,0.10214648748884372,0.05194734998878651,0.172289575125597
T28__cat_trait_0,0.012447208845204893,-0.010886711043380154,0.042862402175454346,NA,NA,NA
T28__pvr_0,0.015228228435933511,-0.015170524073203753,0.040734219470444935,NA,NA,NA
T28__pvr_1,0.004060459893706293,-0.016912240884192936,0.028575390475137775,NA,NA,NA
T28__time,0.02797264782654213,-0.0012576114411559612,0.05838585397478467,NA,NA,NA
T29__cont_trait_0,0.0013137326050705388,-0.013572566152691971,0.020194543452660203,0.10591187467864993,0.06336890609440395,0.15863130392059513
T29__cat_trait_0,0.0004818284445469981,-0.016593202553805912,0.02027030397824715,NA,NA,NA
T29__pvr_0,0.0007210511180928503,-0.021684407745495637,0.02487282855114704,NA,NA,NA
T29__pvr_1,0.006603299228964711,-0.009314571983504424,0.029174612979920817,NA,NA,NA
T29__time,0.06589826327644739,0.022294309118473837,0.10918165320983633,NA,NA,NA
T31__cont_trait_0,-0.0004196143709210471,-0.019374271534946023,0.021434038742024566,0.11392865151575592,0.0510021735045225,0.18170938603799314
T31__cat_trait_0,0.004091803960923522,-0.019041898416203983,0.03173957162267593,NA,NA,NA
T31__pvr_0,0.0030836902134650365,-0.019749886746854357,0.03214422691967127,NA,NA,NA
T31__pvr_1,0.013540698047025882,-0.007454222555783329,0.04075945768469076,NA,NA,NA
T31__time,0.06273837365973507,0.009988371988835381,0.10756728313752775,NA,NA,NA
T32__cont_trait_0,0.0161009380727861,-0.01436379179390196,0.047752990432307726,0.14610566663241556,0.06199710329116524,0.23969360625482988
T32__cat_trait_0,0.003711653346228696,-0.012448709710448619,0.02745832901984279,NA,NA,NA
T32__pvr_0,0.010187292951073032,-0.01716717489516842,0.04198382268549201,NA,NA,NA
T32__pvr_1,0.009005702593350196,-0.008827359009456168,0.037532135343825296,NA,NA,NA
T32__time,0.07620637966345002,0.02030870079534141,0.12385035759830174,NA,NA,NA
T33__cont_trait_0,0.01400231298022068,-0.01036202779529289,0.041750387485033055,0.12817845865982405,0.06882010383696469,0.20385225006380706
T33__cat_trait_0,4.174818225509946e-05,-0.015322575561508522,0.019552722164033254,NA,NA,NA
T33__pvr_0,0.004299296730069734,-0.021633717443969712,0.03095138172536093,NA,NA,NA
T33__pvr_1,0.010492813907903097,-0.008856076819021886,0.036334814329249523,NA,NA,NA
T33__time,0.06844858685384796,0.022497246195144732,0.11834431611454274,NA,NA,NA
T34__cont_trait_0,0.006225341092692633,-0.02384398569186144,0.04176983718181498,0.12646152268991026,0.05571916792143935,0.21542422967703645
T34__cat_trait_0,0.0028222663597064312,-0.018768774358396235,0.031238294786916514,NA,NA,NA
T34__pvr_0,0.015266026524079917,-0.013865931208035826,0.05487028616944296,NA,NA,NA
T34__pvr_1,0.014619031076721604,-0.026927364899687806,0.06047290546487972,NA,NA,NA
T34__time,0.05663515763118229,0.002120491897670034,0.10505908866965565,NA,NA,NA
T35__cont_trait_0,0.0030745564609590582,-0.008385230529304193,0.017409483417684245,0.03830713936712803,0.003843295025811374,0.08616855154938936
T35__cat_trait_0,0.004302095204580877,-0.010466413910357391,0.020738836322965522,NA,NA,NA
T35__pvr_0,0.014553905486332619,-0.006239874911030664,0.04490608187284234,NA,NA,NA
T35__pvr_1,0.00056696112431553,-0.014696556015466579,0.02011415575924453,NA,NA,NA
T35__time,-0.015084078914587518,-0.025462988932453197,-0.005228635407747757,NA,NA,NA
T36__cont_trait_0,-0.002268101486458547,-0.01877466817259018,0.01487881791772512,0.10609076536098837,0.05754193191100682,0.1630292131060981
T36__cat_trait_0,0.0020299410481783827,-0.017790743188806083,0.026482635881975337,NA,NA,NA
T36__pvr_0,0.001649829385946735,-0.020243742653976625,0.028795544459413357,NA,NA,NA
T36__pvr_1,0.010400493979799726,-0.007526351165437206,0.03569881359060566,NA,NA,NA
T36__time,0.06338490242799459,0.01630164566286234,0.10977127998751986,NA,NA,NA
T37__cont_trait_0,0.00957328381574624,-0.006662641027401381,0.027336101657642997,0.10461509757402163,0.05047213093978914,0.15587467730528765
T37__cat_trait_0,0.006178820970981544,-0.010574359898441356,0.027602979841375726,NA,NA,NA
T37__pvr_0,0.007746972490091989,-0.012449965775169332,0.03328853899409238,NA,NA,NA
T37__pvr_1,0.002293400149330964,-0.01792801983437782,0.02247399291146058,NA,NA,NA
T37__time,0.04792892014234348,0.0117367726600465,0.09147097946309249,NA,NA,NA
T38__cont_trait_0,-0.0007728316811692845,-0.017923408127177583,0.01921113829705198,0.10848825407335551,0.04757650718103127,0.17835171046204337
T38__cat_trait_0,-0.00016611285142884198,-0.02152069598093923,0.019691635012640478,NA,NA,NA
T38__pvr_0,0.006847276131571223,-0.01569097992718518,0.03514720066299015,NA,NA,NA
T38__pvr_1,0.011453213216070929,-0.010621867611124651,0.03763776744151016,NA,NA,NA
T38__time,0.06023300925278397,0.012224025261967905,0.1073264363746203,NA,NA,NA
T39__cont_trait_0,0.0046412149142323125,-0.00847467313189126,0.02298766548165865,0.03216094146328162,0.0006704586488942097,0.09731975115301897
T39__cat_trait_0,-0.0016508024385442428,-0.01293194317322872,0.015246781137926829,NA,NA,NA
T39__pvr_0,0.01056015133870043,-0.009347556486460091,0.041811159675782916,NA,NA,NA
T39__pvr_1,0.0013596253624337245,-0.014806275518101035,0.020555465555659652,NA,NA,NA
T39__time,-0.013642947719068049,-0.025395447196262244,-0.004007210498652238,NA,NA,NA
T41__cont_trait_0,0.005741688170510079,-0.020811158056137043,0.03596097033228577,0.1327733255404282,0.054687544354138,0.21771368461182666
T41__cat_trait_0,0.0016517301259201026,-0.020273355580439627,0.027619512540424232,NA,NA,NA
T41__pvr_0,0.015103430067678213,-0.013617655108230431,0.05784724030782401,NA,NA,NA
T41__pvr_1,0.016638484086672827,-0.02394224305131991,0.06819668447216183,NA,NA,NA
T41__time,0.06274429308411954,0.011004641066646254,0.11147996085087239,NA,NA,NA
T42__cont_trait_0,0.0024663813482785476,-0.012332753091635298,0.02376589600476059,0.1095879226742958,0.05242326241800988,0.1649678040502306
T42__cat_trait_0,0.0025000880578705713,-0.017674612934270435,0.02567196009592865,NA,NA,NA
T42__pvr_0,-0.00012320946449715628,-0.023399393006379648,0.024912170968219058,NA,NA,NA
T42__pvr_1,0.008818187330438945,-0.010043514925646205,0.03238691495106567,NA,NA,NA
T42__time,0.06503277539667747,0.017740612633088442,0.11040457147007449,NA,NA,NA
T43__cont_trait_0,0.0007908804495072914,-0.016837294307329043,0.01944524402306357,0.030581777620245755,6.821052331792716e-05,0.0916205959201246
T43__cat_trait_0,0.0024206113442140206,-0.010764238431018152,0.024917058129060476,NA,NA,NA
T43__pvr_0,0.005862467796587872,-0.01038511670331975,0.02606206308480789,NA,NA,NA
T43__pvr_1,0.0074532571641824355,-0.026625520265082796,0.045311265264345674,NA,NA,NA
T43__time,-0.016839139139773317,-0.02838714406343413,-0.006471618388209435,NA,NA,NA
T44__cont_trait_0,0.0030171737750073757,-0.023655422522166982,0.033882716670324185,0.10539019023915595,0.04102015644274743,0.177436698070941
T44__cat_trait_0,-0.0005028072990355258,-0.015244343774764454,0.016583810112601294,NA,NA,NA
T44__pvr_0,0.0089995120835481,-0.014473897343846371,0.03614289580027802,NA,NA,NA
T44__pvr_1,0.014253205803304544,-0.012466857946471874,0.04727192480312688,NA,NA,NA
T44__time,0.04872940587080404,0.0163553651686026,0.0912868210747877,NA,NA,NA
T45__cont_trait_0,-0.0005935992304174442,-0.027368020314430457,0.027423644103634154,0.021072558338984627,0.0004996781543224558,0.06632360612614212
T45__cat_trait_0,0.0013205982800695952,-0.010359894818250242,0.01265551192305151,NA,NA,NA
T45__pvr_0,0.003943580062524664,-0.01020071291064362,0.019270801800435153,NA,NA,NA
T45__pvr_1,0.00029462986190982517,-0.02835425745830622,0.03933538907607004,NA,NA,NA
T45__time,-0.014786350640629456,-0.026141640346779793,-0.005091016149146602,NA,NA,NA
T46__cont_trait_0,0.013346876070103021,-0.00889932283285537,0.04255977966517194,0.13418728621210543,0.06346183522149039,0.21690765571143134
T46__cat_trait_0,0.00413323717677389,-0.016240347631474007,0.027463898349434267,NA,NA,NA
T46__pvr_0,0.01276185917742939,-0.015874786041847225,0.04391680688308956,NA,NA,NA
T46__pvr_1,0.012457928870387675,-0.01818581846969368,0.04026982658401798,NA,NA,NA
T46__time,0.06059368491188399,0.019485137864512746,0.10535814286329183,NA,NA,NA
T47__cont_trait_0,0.008497856422161791,-0.006826691860072255,0.029472839212886154,0.03846392640278657,0.0011373983603328846,0.1131210029334694
T47__cat_trait_0,0.004576816071026612,-0.012478134299536495,0.021826992961178984,NA,NA,NA
T47__pvr_0,0.005080883747109162,-0.015473939406401044,0.024583362627864272,NA,NA,NA
T47__pvr_1,0.008730316223936605,-0.01164307588373581,0.04036373355947499,NA,NA,NA
T47__time,-0.019315646066975035,-0.031115201851864963,-0.005459372544398017,NA,NA,NA
T48__cont_trait_0,0.002969317345629813,-0.014029052437087021,0.02153094611153271,0.08793896522958008,0.04460105730587352,0.13781902714551972
T48__cat_trait_0,0.006980040561534298,-0.011464116584526167,0.030776053622740662,NA,NA,NA
T48__pvr_0,0.013792685093842093,-0.0136596333748274,0.04005283223996805,NA,NA,NA
T48__pvr_1,-0.0024418943180225454,-0.023942363453278152,0.019334314034100682,NA,NA,NA
T48__time,0.03574511654106901,0.0011742530935919503,0.071137168885101,NA,NA,NA
T49__cont_trait_0,0.01694557529491671,-0.012543229755893979,0.050231113210942466,0.14623694110938848,0.06698360603477099,0.23364848167957447
T49__cat_trait_0,0.0025772519332836565,-0.015266127502959238,0.02257177347782038,NA,NA,NA
T49__pvr_0,0.008991606147118933,-0.017887848405780192,0.04487379759834218,NA,NA,NA
T49__pvr_1,0.010678669319757465,-0.008882565607545037,0.039586990311827885,NA,NA,NA
T49__time,0.07615013840878433,0.023479294912926732,0.12494995398019798,NA,NA,NA
T50__cont_trait_0,0.009241707424520558,-0.007021149307520704,0.032094873753738304,0.12115472266765029,0.03936680244526852,0.20224522652108748
T50__cat_trait_0,0.004440269792500014,-0.012991514509678236,0.02307272026807785,NA,NA,NA
T50__pvr_0,0.007168974143573846,-0.013727994860443956,0.03465993850602858,NA,NA,NA
T50__pvr_1,0.016618783180488508,-0.011702810197714117,0.05238766491585743,NA,NA,NA
T50__time,0.05279128812103986,0.007319045116882635,0.09240615063723137,NA,NA,NA
T51__cont_trait_0,0.0039852060477144425,-0.019585085177687894,0.03286307693941399,0.09158409750966966,0.028574440744195247,0.15492341442409294
T51__cat_trait_0,0.003442563528459548,-0.015536696849148351,0.028632957903237534,NA,NA,NA
T51__pvr_0,0.0034381455444569145,-0.017433794544159775,0.030096003694351506,NA,NA,NA
T51__pvr_1,0.003531685579926138,-0.015964948565448625,0.022959338749350952,NA,NA,NA
T51__time,0.046292796803585126,0.0014766054753388332,0.08202356625358995,NA,NA,NA
T52__cont_trait_0,0.0024865710998170803,-0.009037817471613247,0.018310714502656728,0.037772787113725184,0.003397310820494345,0.08616301161236394
T52__cat_trait_0,0.004103122963008868,-0.009596856276734025,0.020843636765973374,NA,NA,NA
T52__pvr_0,0.01445638451875114,-0.008094867792466575,0.041957678288276457,NA,NA,NA
T52__pvr_1,0.0009086279638125278,-0.013306958346263241,0.021749568054814684,NA,NA,NA
T52__time,-0.015075619437191927,-0.02482190540349167,-0.005570862800368801,NA,NA,NA
T53__cont_trait_0,0.008314729169930233,-0.007103306112323903,0.0251563640095874,0.05504092362607838,0.0017482102476876447,0.11366256018232693
T53__cat_trait_0,0.007094181913830054,-0.012557693861491793,0.026362947910878322,NA,NA,NA
T53__pvr_0,0.013948736117760192,-0.010480569427290884,0.040665952528138954,NA,NA,NA
T53__pvr_1,0.009847735382872275,-0.008557420083898532,0.03033303112543894,NA,NA,NA
T53__time,-0.015058158963841823,-0.027417679277324025,-0.0011126950520191324,NA,NA,NA
T54__cont_trait_0,0.005770958665454378,-0.015943024080590933,0.037435573969508036,0.09870004653822884,0.03860980227224507,0.17954053157098288
T54__cat_trait_0,0.0043842171502350485,-0.01736968462127715,0.0307837105282639,NA,NA,NA
T54__pvr_0,0.005608627672785869,-0.01799279080662796,0.03090547356307955,NA,NA,NA
T54__pvr_1,0.005649301572344364,-0.02064382805196404,0.04068816970490424,NA,NA,NA
T54__time,0.04639324147188169,0.0011198228209819173,0.08230982215778337,NA,NA,NA
T55__cont_trait_0,0.00275072993023339,-0.016270007537964766,0.02713889201960163,0.12117072929578986,0.04923104157237097,0.2172605385682213
T55__cat_trait_0,0.0034655890689339703,-0.013848433345940513,0.02283417510301494,NA,NA,NA
T55__pvr_0,0.011967889562934583,-0.013398250342889051,0.041854258359634244,NA,NA,NA
T55__pvr_1,0.01383352862452979,-0.010742524280560644,0.04588080591758274,NA,NA,NA
T55__time,0.05825929210363058,0.015832369072884177,0.09915406111103701,NA,NA,NA
T56__cont_trait_0,0.013738617482787631,-0.014122354949540023,0.04845556985883891,0.1463158098609294,0.0473977517983378,0.280230609604766
T56__cat_trait_0,0.0015792462483633835,-0.023515166816928224,0.035613126035741724,NA,NA,NA
T56__pvr_0,0.015721620766683406,-0.01606239254942638,0.05082957333116202,NA,NA,NA
T56__pvr_1,0.01773683639069218,-0.008612021203413693,0.055420296869212154,NA,NA,NA
T56__time,0.06664578896687526,0.011443161241460505,0.13058170407526232,NA,NA,NA
T57__cont_trait_0,0.011351828154316927,-0.009377004450911556,0.03583402183441996,0.11429158030121891,0.04240715247204426,0.17871005666594295
T57__cat_trait_0,-0.0005534158921398574,-0.017519906030430847,0.018057116197496607,NA,NA,NA
T57__pvr_0,0.0021343345134398764,-0.01963288742440027,0.028588425900470366,NA,NA,NA
T57__pvr_1,0.010052074017744349,-0.007867964465416315,0.03490398317491344,NA,NA,NA
T57__time,0.060413059502330176,0.012013787306471714,0.10169838210644558,NA,NA,NA
T58__cont_trait_0,0.005105300653861611,-0.021934680528348634,0.037228663640368934,0.12657959710326475,0.05788683343205858,0.20636578444771392
T58__cat_trait_0,0.0017409055256174689,-0.021392647788890176,0.025016788029927982,NA,NA,NA
T58__pvr_0,0.01363422024020135,-0.013104328045134742,0.05149662186583816,NA,NA,NA
T58__pvr_1,0.014151976195324217,-0.02031365856601396,0.06467905197447399,NA,NA,NA
T58__time,0.06105349448273267,0.010727129925528926,0.11268447186452332,NA,NA,NA
T59__cont_trait_0,0.003199663789573411,-0.014381392360088664,0.0205742754264407,0.11904852010266291,0.05621324061252813,0.19313607588238701
T59__cat_trait_0,0.004705677613099732,-0.010936276515734391,0.027371227935734696,NA,NA,NA
T59__pvr_0,0.008146949962123161,-0.012787245578507828,0.03192839066489102,NA,NA,NA
T59__pvr_1,0.013379111229262044,-0.01142977015954414,0.044958842796716865,NA,NA,NA
T59__time,0.058723417503077066,0.02031616773439685,0.10134806915130194,NA,NA,NA
T60__cont_trait_0,0.007554818145409905,-0.016808527735155048,0.03404998939261937,0.1038495279952047,0.042148392099605816,0.17347432107559027
T60__cat_trait_0,0.0020257225348808334,-0.019065142173702223,0.021629322304992222,NA,NA,NA
T60__pvr_0,0.004130326138187195,-0.0181661991677151,0.03024878221403607,NA,NA,NA
T60__pvr_1,0.005063403807171331,-0.02595632221021339,0.030838280100367346,NA,NA,NA
T60__time,0.05418155736402797,0.008416607323480148,0.09575423216818565,NA,NA,NA
T61__cont_trait_0,0.0023101562322722985,-0.025202783957549227,0.032277806285446686,0.027143973567119787,0.0008238444017532082,0.0821352010653058
T61__cat_trait_0,0.0023614150878304577,-0.012494892596691277,0.020056106891778003,NA,NA,NA
T61__pvr_0,0.004862794653168843,-0.011303998468268371,0.02145783405081717,NA,NA,NA
T61__pvr_1,0.0026273346192728832,-0.03171413240203406,0.03921180527996894,NA,NA,NA
T61__time,-0.015911427030952142,-0.026175325645802775,-0.005588784982900568,NA,NA,NA
T62__cont_trait_0,0.004483692137128526,-0.023403233841050176,0.03256184104596851,0.10399808161394433,0.03624543339791055,0.17733730304298423
T62__cat_trait_0,0.0005150990640441466,-0.014890081182388427,0.02078508613556852,NA,NA,NA
T62__pvr_0,0.010093351769202716,-0.013271901207471352,0.04161217318978714,NA,NA,NA
T62__pvr_1,0.01561182053662034,-0.009814871497843762,0.05400883705933215,NA,NA,NA
T62__time,0.04240041810142119,0.004748593377801237,0.08088088765810746,NA,NA,NA
T64__cont_trait_0,-0.0019409868522645643,-0.02009995215822188,0.015367395082165187,0.10821852962290666,0.05842464158507336,0.17017970756012146
T64__cat_trait_0,0.002766410745275366,-0.020809416825942187,0.02767960613954463,NA,NA,NA
T64__pvr_0,0.0018457193190022656,-0.01939533907810325,0.03038160026142356,NA,NA,NA
T64__pvr_1,0.011756478033553074,-0.008626487200335462,0.03717096657254705,NA,NA,NA
T64__time,0.0628972083718131,0.01336564608288672,0.10792765436282163,NA,NA,NA
T65__cont_trait_0,0.008112045622023223,-0.009028161741977552,0.03048843053336687,0.08864138020421342,0.039892942977028625,0.13593803905363208
T65__cat_trait_0,0.0012249387080940902,-0.015200688485557345,0.01878556834561809,NA,NA,NA
T65__pvr_0,0.0024632397616008122,-0.016264999884055227,0.02388295243860314,NA,NA,NA
T65__pvr_1,0.0005747027434172198,-0.01619123212771224,0.01810271859724854,NA,NA,NA
T65__time,0.04537275336355065,0.012498803785647397,0.08601296424941368,NA,NA,NA
T66__cont_trait_0,0.0013274076837876013,-0.007851056863401311,0.0124065714623394,0.025531776786429185,0.0007509710533993887,0.09143391571765064
T66__cat_trait_0,0.0008950221356816977,-0.01364170884008428,0.024084795581435357,NA,NA,NA
T66__pvr_0,0.0031507956150811298,-0.009408260267428074,0.025740943342900002,NA,NA,NA
T66__pvr_1,0.0055703297751976254,-0.007024358915078844,0.02429980209281924,NA,NA,NA
T66__time,-0.016305478428846318,-0.027058465303222715,-0.005660412055164217,NA,NA,NA
T67__cont_trait_0,0.008210612185472943,-0.005152730627215591,0.02591113866080189,0.05824378356523901,0.007632575109737746,0.12089907155418278
T67__cat_trait_0,0.007824318777434575,-0.010035724624422976,0.0309169033641739,NA,NA,NA
T67__pvr_0,0.014023793476765002,-0.009282350764345915,0.040947488302149546,NA,NA,NA
T67__pvr_1,0.012364393656290102,-0.006054642538427266,0.03264204131681263,NA,NA,NA
T67__time,-0.015073034536251055,-0.02756136830890003,-0.00210266477550744,NA,NA,NA
T68__cont_trait_0,-0.0028583001513389707,-0.021663565840479716,0.017573797171872196,0.021202062654408518,0.0003072414588148097,0.06853202327850408
T68__cat_trait_0,0.0010704811960170705,-0.00969858834812188,0.011030732385781464,NA,NA,NA
T68__pvr_0,0.0030860356451681056,-0.008871182134035102,0.01952970149479266,NA,NA,NA
T68__pvr_1,0.004468989123936005,-0.015478206304253719,0.026928601322088616,NA,NA,NA
T68__time,-0.01545884316490115,-0.026077901231049527,-0.005388587631822206,NA,NA,NA
T69__cont_trait_0,0.005398273164198739,-0.006395253741430914,0.019430861749975464,0.04089641074544764,0.004742090149076325,0.09076294396998652
T69__cat_trait_0,0.004910551991137763,-0.010650504900501763,0.020204481706281315,NA,NA,NA
T69__pvr_0,0.014835520541985154,-0.008517676056141059,0.04590830233607286,NA,NA,NA
T69__pvr_1,0.0003425572154777811,-0.017915271937448407,0.021011809636257175,NA,NA,NA
T69__time,-0.015484192172879269,-0.025382199840903896,-0.004168582355533662,NA,NA,NA
T70__cont_trait_0,0.011720811917652561,-0.019737665044231228,0.0390815281715024,0.12843294407635755,0.04733167266539066,0.23796552032427692
T70__cat_trait_0,0.00034437037020889266,-0.022143943828136187,0.022923265502426814,NA,NA,NA
T70__pvr_0,0.004404584947600356,-0.025573485332335912,0.03705446936632454,NA,NA,NA
T70__pvr_1,0.013221039664558698,-0.009567221390248567,0.0437074130283193,NA,NA,NA
T70__time,0.0678484371708095,0.010630176726830393,0.11971388603764879,NA,NA,NA
T71__cont_trait_0,0.0014216982150406835,-0.015296329880144963,0.017151111172038477,0.0907061840917374,0.04931393304463587,0.1464888051346103
T71__cat_trait_0,0.0048645797759285314,-0.011241688981502442,0.026183642287948602,NA,NA,NA
T71__pvr_0,0.011718252382828014,-0.013718809930034489,0.04145829966063687,NA,NA,NA
T71__pvr_1,-0.0034560191230200927,-0.026626727793021773,0.0213201407691326,NA,NA,NA
T71__time,0.04526397283543287,0.0050320692985112506,0.0822153048518276,NA,NA,NA
T72__cont_trait_0,0.007611185849009719,-0.01876776562463836,0.04341496812567572,0.13100060482231976,0.052753550352636194,0.24389577109010338
T72__cat_trait_0,0.007825058207757217,-0.016946836074182264,0.04227099597257521,NA,NA,NA
T72__pvr_0,0.006238511130869583,-0.02394463060240229,0.04111682834351867,NA,NA,NA
T72__pvr_1,0.019904019542536937,-0.004738307588737264,0.059529994250001335,NA,NA,NA
T72__time,0.0585281300866188,0.004872685082246581,0.10749225637840787,NA,NA,NA
T73__cont_trait_0,0.006916593264232881,-0.01588192194921814,0.03863179439638359,0.12295525411235068,0.05365870022624278,0.227497765860444
T73__cat_trait_0,0.003152863519341388,-0.020108010566729402,0.031116672067960024,NA,NA,NA
T73__pvr_0,0.014448609313966325,-0.017281964564146764,0.046525256495695,NA,NA,NA
T73__pvr_1,0.02023312927181915,-0.00884061089513402,0.05629452702640131,NA,NA,NA
T73__time,0.047310358737463594,0.002545501786239933,0.09120516145727856,NA,NA,NA
T74__cont_trait_0,0.010308070357873785,-0.00624374165513301,0.029976868142283272,0.10623569869554446,0.05160263434324958,0.1597822953524253
T74__cat_trait_0,0.00643443141588109,-0.010928216055727795,0.02967351083291516,NA,NA,NA
T74__pvr_0,0.007758151778891094,-0.012231164580306271,0.03480326174914128,NA,NA,NA
T74__pvr_1,0.002794547154526013,-0.016990009747733435,0.023537010028561938,NA,NA,NA
T74__time,0.048046797982844974,0.012527980696497232,0.09229792892767635,NA,NA,NA
T75__cont_trait_0,0.00818840712452177,-0.009760703200994685,0.031009395792479785,0.13165404786029525,0.061498186826631496,0.21712553112435568
T75__cat_trait_0,0.006128477982072667,-0.009501255301275402,0.029721547491529082,NA,NA,NA
T75__pvr_0,0.011166240076459714,-0.013034788134826805,0.03881703575853334,NA,NA,NA
T75__pvr_1,0.015660219388223196,-0.012115137764430128,0.051706651670856585,NA,NA,NA
T75__time,0.059617003283490316,0.018751669931425057,0.10155230247592797,NA,NA,NA
T76__cont_trait_0,0.0023158236197453157,-0.017214509368347487,0.020609089176250168,0.11052139237687125,0.03596638404166268,0.20353339808179716
T76__cat_trait_0,0.00177147255103735,-0.017184784919380053,0.026969345953257076,NA,NA,NA
T76__pvr_0,0.006382949054820059,-0.01849691701935484,0.03079177738487706,NA,NA,NA
T76__pvr_1,0.00892082850427222,-0.014453567900272215,0.036251453034801984,NA,NA,NA
T76__time,0.06023661864146884,0.015924452625011014,0.11699607475735371,NA,NA,NA
T77__cont_trait_0,-0.0045008419015983145,-0.03255654323799507,0.02661176861673257,0.11345730937533657,0.04024185259407298,0.19629583805141318
T77__cat_trait_0,0.0014802536721601578,-0.015075133064940238,0.016753866584592048,NA,NA,NA
T77__pvr_0,0.010158090186420747,-0.016813443236193538,0.04572352570197843,NA,NA,NA
T77__pvr_1,0.012898912200598793,-0.02420895495841028,0.050989735743728594,NA,NA,NA
T77__time,0.06252719521222772,0.020531381771741023,0.10606907543603536,NA,NA,NA
T78__cont_trait_0,0.010743827295463814,-0.012827551162137678,0.03439024135811185,0.12232836932150527,0.055276261275511204,0.20951464941463116
T78__cat_trait_0,0.0062303290448669025,-0.015417924851584783,0.028836246690442782,NA,NA,NA
T78__pvr_0,0.012930686216566999,-0.016459033392824056,0.048990703552539434,NA,NA,NA
T78__pvr_1,0.019224884014166405,-0.0075464839071403,0.05643829679630323,NA,NA,NA
T78__time,0.042304942744913684,0.006920924143225683,0.0798674826882139,NA,NA,NA
T79__cont_trait_0,0.005813240058821688,-0.013855790034200045,0.027202217081798288,0.08493006952541125,0.023418527237210676,0.16213790438604514
T79__cat_trait_0,-0.0036148234262220343,-0.020968978684283344,0.019016382113831644,NA,NA,NA
T79__pvr_0,0.0023116786402921077,-0.01838354700149245,0.024914299741597132,NA,NA,NA
T79__pvr_1,-0.0006536297192862361,-0.01981938880866972,0.019562983466490186,NA,NA,NA
T79__time,0.050179903966278354,0.009281891946055255,0.10400493944795092,NA,NA,NA
T81__cont_trait_0,0.012779790898140112,-0.00964416520859887,0.03633976992863275,0.09934659114265323,0.04275101855236543,0.16642374213640473
T81__cat_trait_0,0.011840060572906985,-0.010958337731982005,0.04084710795656738,NA,NA,NA
T81__pvr_0,0.012098416632486666,-0.019206610146813116,0.043518353318380595,NA,NA,NA
T81__pvr_1,-0.0005792334298373414,-0.032920647949448524,0.02777618403021495,NA,NA,NA
T81__time,0.03231385646342929,-0.0013007483929561754,0.06942033563492526,NA,NA,NA
T82__cont_trait_0,0.007988378193620674,-0.00713204960985955,0.02698045192900459,0.05103435004752424,0.0034559030793281063,0.11393086700046107
T82__cat_trait_0,0.006104686046715283,-0.010841260261270089,0.026425220396917366,NA,NA,NA
T82__pvr_0,0.01316825220402627,-0.010014912411299098,0.03996834823077264,NA,NA,NA
T82__pvr_1,0.008330464000724638,-0.008580635504057292,0.029127645103119108,NA,NA,NA
T82__time,-0.015451130403090098,-0.02690621426789309,-0.0018220829558968261,NA,NA,NA
T83__cont_trait_0,0.01743136189883157,-0.0164250061961259,0.059853319726535056,0.14771228172165354,0.05591396696239505,0.256217933222471
T83__cat_trait_0,0.003122244059689995,-0.016462810337547682,0.027774081466328766,NA,NA,NA
T83__pvr_0,0.008766395454524315,-0.020270487972676672,0.04869062442734288,NA,NA,NA
T83__pvr_1,0.013070696115124963,-0.010215737918318528,0.04223151228989797,NA,NA,NA
T83__time,0.07442788418795517,0.02170948482150981,0.12784242725620923,NA,NA,NA
T84__cont_trait_0,0.017032466905145167,-0.016725978455724055,0.06509941613588695,0.052954909655058856,0.0004249877652832603,0.13694913525100708
T84__cat_trait_0,0.0027390725237946847,-0.012470149643920826,0.02273004327491862,NA,NA,NA
T84__pvr_0,0.006582278777517961,-0.011922638902803116,0.031145229279552163,NA,NA,NA
T84__pvr_1,0.011560373826787457,-0.012374225712900231,0.04298763677128985,NA,NA,NA
T84__time,-0.01585298238371386,-0.028801481375616125,-0.0007493307886898629,NA,NA,NA
T85__cont_trait_0,-0.0006466908924793363,-0.014616621550492245,0.018991838085878694,0.09375756067999529,0.03333015382616056,0.15375319010076774
T85__cat_trait_0,0.0031547400403280205,-0.01853196991024998,0.02486532542879377,NA,NA,NA
T85__pvr_0,-0.005640924513672607,-0.02902156355828076,0.022251868158377118,NA,NA,NA
T85__pvr_1,0.007132676848023089,-0.012401256339881438,0.0321455120332688,NA,NA,NA
T85__time,0.058864059192268704,0.01282363459683323,0.10598889525586513,NA,NA,NA
T86__cont_trait_0,0.0005029292466834743,-0.018616082609311684,0.019160883072236533,0.08116327972029344,0.03559152349010427,0.14331431357574942
T86__cat_trait_0,0.005852065490128948,-0.011153968792403622,0.03168955786301136,NA,NA,NA
T86__pvr_0,0.012801890588867758,-0.015696081295035223,0.042421823816259155,NA,NA,NA
T86__pvr_1,-0.00459739524756917,-0.030187058650191008,0.0191576932948082,NA,NA,NA
T86__time,0.03571008963665501,0.0005897508098789018,0.07001494269101498,NA,NA,NA
T87__cont_trait_0,0.016495192767109524,-0.010636104630587912,0.051332533647018536,0.12641116041861025,0.044973022751355854,0.21133172274379655
T87__cat_trait_0,0.002169426242337608,-0.015386841542988637,0.026423659357088472,NA,NA,NA
T87__pvr_0,0.003792688766249013,-0.023891666471995244,0.0348184718071787,NA,NA,NA
T87__pvr_1,0.012176769281194962,-0.008797324348742946,0.04040620192777443,NA,NA,NA
T87__time,0.06088338335619162,0.009058233402709767,0.10630544529737951,NA,NA,NA
T88__cont_trait_0,0.0073637944921456635,-0.024811218542655618,0.04157423407394725,0.1352900526322153,0.05103985655136886,0.2409859991234262
T88__cat_trait_0,0.004707630273930786,-0.022138247661145777,0.034489901332697276,NA,NA,NA
T88__pvr_0,0.018069326401209326,-0.01312040114405627,0.06601792866120855,NA,NA,NA
T88__pvr_1,0.016674373389770514,-0.027653766703010212,0.07445770040932714,NA,NA,NA
T88__time,0.057581228069631576,0.007079548802546812,0.1101775276424593,NA,NA,NA
T89__cont_trait_0,0.002984945261218816,-0.008898010006685483,0.021313241530760797,0.03202911237819469,0.0013649358901018302,0.10086737195658621
T89__cat_trait_0,-0.0002683126182383172,-0.013681721851482937,0.022333944595464436,NA,NA,NA
T89__pvr_0,0.006367101779043602,-0.010046606617402393,0.0309521037925241,NA,NA,NA
T89__pvr_1,0.007755809176735175,-0.012538264398476712,0.028494441131268824,NA,NA,NA
T89__time,-0.015704131226092034,-0.02791720320033931,-0.004268048750589407,NA,NA,NA
T90__cont_trait_0,0.006741862681696828,-0.014659883985844504,0.029914968318305805,0.13075002658625876,0.06131144803630072,0.2122626342736021
T90__cat_trait_0,-0.0010643450656750905,-0.024167843799899582,0.022536416011642343,NA,NA,NA
T90__pvr_0,0.01266181904570007,-0.014175744854993278,0.05000917636634049,NA,NA,NA
T90__pvr_1,0.018899813377016916,-0.02141559680326676,0.06865549741939664,NA,NA,NA
T90__time,0.06261717654199259,0.010568528768584624,0.11569831095910621,NA,NA,NA
T91__cont_trait_0,-0.0007160844894532046,-0.014451878219243713,0.017156554806948807,0.08390768290952519,0.037160305577462645,0.14001568725796915
T91__cat_trait_0,0.0007149169004420349,-0.013915280749808384,0.0158430991744239,NA,NA,NA
T91__pvr_0,0.006708174060492264,-0.015670901078539783,0.02772168619978751,NA,NA,NA
T91__pvr_1,-0.0012062011903469867,-0.016955165750185918,0.016598392774165915,NA,NA,NA
T91__time,0.0475131776228636,0.007499396452658683,0.08446055693841747,NA,NA,NA
T92__cont_trait_0,-0.00210924662366302,-0.016957811868203942,0.011122974936380972,0.09838080303722659,0.037802777822606964,0.15126381249960652
T92__cat_trait_0,-0.0016127328156505451,-0.018220497552704117,0.016601069991603587,NA,NA,NA
T92__pvr_0,0.0035881981408788124,-0.019274466480386672,0.026993285199121912,NA,NA,NA
T92__pvr_1,0.007216893258518242,-0.01139015497133002,0.030374086996968596,NA,NA,NA
T92__time,0.06040399107161562,0.014057178882751398,0.10508703713182012,NA,NA,NA
T93__cont_trait_0,0.014618552832636756,-0.010361806465995353,0.051435451433092645,0.14584732491317842,0.05572477525138671,0.2677329701723892
T93__cat_trait_0,0.0016020664784391111,-0.023823852091933613,0.030796620904815906,NA,NA,NA
T93__pvr_0,0.013293470189570002,-0.01736799104330655,0.04634522644550659,NA,NA,NA
T93__pvr_1,0.014807275400975145,-0.012622308057928178,0.04555741064632107,NA,NA,NA
T93__time,0.07063226000602998,0.00893648974970676,0.12237253161290769,NA,NA,NA
T94__cont_trait_0,0.005084940432754271,-0.005955356190788817,0.024263153852242807,0.0344227465320398,0.0011939882169942542,0.08874195273748361
T94__cat_trait_0,0.004868335240044658,-0.010807839987362424,0.023723105880859012,NA,NA,NA
T94__pvr_0,0.0027836345591419807,-0.010545834099816923,0.019682975385588698,NA,NA,NA
T94__pvr_1,0.009565502903138793,-0.008442477219275425,0.0373217696459055,NA,NA,NA
T94__time,-0.018773366608567373,-0.029731231090228984,-0.008411379184488326,NA,NA,NA
T95__cont_trait_0,0.003949129512151116,-0.012191326640203932,0.022559908727876783,0.0776173170065867,0.028950005289029915,0.13282243536856936
T95__cat_trait_0,0.007301415787706446,-0.011911477646787617,0.030142612427301922,NA,NA,NA
T95__pvr_0,0.013439432129084649,-0.017239585336977146,0.04602475578512484,NA,NA,NA
T95__pvr_1,-0.0074226032586723915,-0.037033299630503995,0.025162130449859064,NA,NA,NA
T95__time,0.029456242830789393,-0.0001726054063580628,0.05994230051033233,NA,NA,NA
T96__cont_trait_0,0.005627483484145375,-0.013601726343775702,0.022761831099930584,0.08835244907222671,0.0368676515990107,0.1437832495773753
T96__cat_trait_0,0.0032329600295812303,-0.013362042229659192,0.02365024409680771,NA,NA,NA
T96__pvr_0,0.008271012206550101,-0.01789469430449073,0.03357595504173806,NA,NA,NA
T96__pvr_1,0.0071389877332002595,-0.012949532213851051,0.026846866826176013,NA,NA,NA
T96__time,0.03318830561322228,-0.0014172217528825408,0.06384368649875137,NA,NA,NA
T97__cont_trait_0,0.0021858746454580893,-0.036744397636052986,0.05159648577788849,0.11087481406259649,0.03915951611035549,0.19176396530691792
T97__cat_trait_0,0.004903379323763645,-0.016066029522344014,0.030378327397086163,NA,NA,NA
T97__pvr_0,0.012643575267642045,-0.017479775041529456,0.04635273781490346,NA,NA,NA
T97__pvr_1,0.007395808133622908,-0.04234769593384885,0.04686883243461891,NA,NA,NA
T97__time,0.0528524766865824,0.006399778629483422,0.09715787473940535,NA,NA,NA
T98__cont_trait_0,0.0009142434696635368,-0.017273140560332103,0.017893564603610454,0.08154063717924706,0.03575926877701181,0.13471635745981944
T98__cat_trait_0,0.0061384074458794855,-0.011667966152088281,0.0305391950490675,NA,NA,NA
T98__pvr_0,0.01329497993609895,-0.012742785970110661,0.04572736685944116,NA,NA,NA
T98__pvr_1,-0.00565152525629009,-0.0325486837133233,0.020007202284062196,NA,NA,NA
T98__time,0.03595083157836771,0.002249045974508224,0.0719410176333153,NA,NA,NA
T99__cont_trait_0,0.009365224801624323,-0.02043556837187719,0.046297731267965624,0.14188939420636978,0.05859632802755081,0.2731376716873422
T99__cat_trait_0,0.0029016367968508583,-0.02362226522892822,0.034343346312357706,NA,NA,NA
T99__pvr_0,0.018377750843750172,-0.013045882133696063,0.0680262158786499,NA,NA,NA
T99__pvr_1,0.019909914882872436,-0.025238254284017367,0.07718481787956606,NA,NA,NA
T99__time,0.06044116687574449,0.007133916548149922,0.1183762848010087,NA,NA,NA
T100__cont_trait_0,0.013797821449164513,-0.012949774089337868,0.05357133394139258,0.14525479026969065,0.05754769946892663,0.25871745286886816
T100__cat_trait_0,0.0032621120533947523,-0.015035271162165915,0.027501194768143014,NA,NA,NA
T100__pvr_0,0.014432467736752573,-0.015676076804296658,0.04792456125370061,NA,NA,NA
T100__pvr_1,0.009819703819794424,-0.012608852179261651,0.04127676898265013,NA,NA,NA
T100__time,0.073048985205057,0.016687862923010773,0.12013699544690033,NA,NA,NA
T101__cont_trait_0,-0.005653428876829403,-0.030949570982010816,0.020805475112051816,0.0823361086590825,0.019139147816783386,0.15466637935867955
T101__cat_trait_0,0.003004995645934325,-0.015412010132656827,0.026365901055341593,NA,NA,NA
T101__pvr_0,0.003061669659493103,-0.0183394859490223,0.027501977592385048,NA,NA,NA
T101__pvr_1,0.003403166235155173,-0.02430956534957137,0.03457412957557641,NA,NA,NA
T101__time,0.04762600598980185,0.007040535822598528,0.08724499343968395,NA,NA,NA
T102__cont_trait_0,0.00017072699605501573,-0.019345022687551873,0.01670436495128252,0.08661682499618124,0.04661900474256614,0.1416030828976193
T102__cat_trait_0,0.002361848446303176,-0.014287648125290257,0.02086192312530938,NA,NA,NA
T102__pvr_0,0.009424126610790569,-0.013294776819773042,0.03261377968762415,NA,NA,NA
T102__pvr_1,-0.0008835159839147959,-0.018692605413600603,0.014569017026957808,NA,NA,NA
T102__time,0.04464993892141984,0.010872870864333313,0.08183814334068262,NA,NA,NA
T103__cont_trait_0,0.013688628254459326,-0.012197732281336414,0.042359139497734455,0.11351183778931186,0.04529167820895348,0.19235848783917645
T103__cat_trait_0,0.005268156426532225,-0.013238486351497242,0.025105631892808053,NA,NA,NA
T103__pvr_0,0.005302626926398963,-0.017541716683869512,0.03404950160451587,NA,NA,NA
T103__pvr_1,0.004636144859511501,-0.01881718344192951,0.02588501353927605,NA,NA,NA
T103__time,0.05372258131688243,0.013031536338530266,0.10275948708341957,NA,NA,NA
T104__cont_trait_0,0.012456458689270422,-0.010067949850140138,0.04067517306866467,0.11996222758066939,0.045939236608052346,0.21813975728580795
T104__cat_trait_0,0.002190826767714045,-0.017495073411294797,0.027332200911690613,NA,NA,NA
T104__pvr_0,0.0021859794998530233,-0.02494548534517432,0.03602575434857511,NA,NA,NA
T104__pvr_1,0.012706249895086586,-0.007316638767626577,0.04382700112999356,NA,NA,NA
T104__time,0.05952901272321776,0.01158145888562314,0.1113904852594094,NA,NA,NA
T105__cont_trait_0,0.0022328758097392046,-0.013117351285595245,0.020873606585371667,0.09110974104997441,0.045526792677997995,0.14041216331555562
T105__cat_trait_0,0.005207552030160358,-0.012368436100361941,0.02631187621584223,NA,NA,NA
T105__pvr_0,0.011255028763653346,-0.014306895547383468,0.038853180514604034,NA,NA,NA
T105__pvr_1,-0.0031635898240676367,-0.02611578600010317,0.021639020475877943,NA,NA,NA
T105__time,0.04468417426496166,0.00397167154991105,0.08023804806382254,NA,NA,NA
T106__cont_trait_0,0.012833880499249536,-0.010094846605246417,0.04252847529721464,0.12702933848886816,0.054636977566063255,0.21962016624898392
T106__cat_trait_0,0.0021536042140106633,-0.018149408069197754,0.026990390101022416,NA,NA,NA
T106__pvr_0,0.0025731746878479744,-0.027498108489665853,0.03229932173608491,NA,NA,NA
T106__pvr_1,0.012576474045844693,-0.010045225324308907,0.04324777530644013,NA,NA,NA
T106__time,0.06599850503638781,0.015191103548712974,0.12022827584107809,NA,NA,NA
T107__cont_trait_0,0.01286597432979459,-0.005757938319701245,0.03900323603686623,0.10939643084649671,0.04780262385583764,0.1801609749331951
T107__cat_trait_0,0.00995421301735149,-0.010225069336958046,0.037008214159478,NA,NA,NA
T107__pvr_0,0.00926242547369726,-0.01849443867111772,0.04090172807558497,NA,NA,NA
T107__pvr_1,-0.0002844543576188934,-0.030275890539185064,0.03217457828338584,NA,NA,NA
T107__time,0.046704572377744835,0.002845191569097431,0.09122317316072662,NA,NA,NA
T108__cont_trait_0,0.0012260389390407861,-0.008260778846283682,0.012870928522815009,0.01267749956014862,0.0008624245069442787,0.03908791725935615
T108__cat_trait_0,-9.771398954456232e-05,-0.00858981448168735,0.011670587015751053,NA,NA,NA
T108__pvr_0,-0.0069683692185374315,-0.02396833202210044,0.00790357600503931,NA,NA,NA
T108__pvr_1,0.0007492825780674668,-0.007999864079689738,0.009233644970199975,NA,NA,NA
T108__time,-0.01312543875440511,-0.022615779316528188,-0.0036447201567728054,NA,NA,NA
T109__cont_trait_0,0.010717374337975488,-0.008006662852569447,0.032911599657416364,0.10690062297415583,0.05261792660348939,0.16466657265242007
T109__cat_trait_0,0.005130559757004659,-0.012489729353462039,0.02532800070268796,NA,NA,NA
T109__pvr_0,0.005789237192370004,-0.011870050168325565,0.037043368853544124,NA,NA,NA
T109__pvr_1,0.002776955101882178,-0.017581389243633214,0.02322650410882008,NA,NA,NA
T109__time,0.05159279657939596,0.01005083199435319,0.09556709072296708,NA,NA,NA
T110__cont_trait_0,0.005474083771923476,-0.011212354709320173,0.022844237203987594,0.08428724893083461,0.039382398751818315,0.12448479725903762
T110__cat_trait_0,0.002427192680027492,-0.014286257614088995,0.01999521484538535,NA,NA,NA
T110__pvr_0,0.005539808039496107,-0.01605216504973005,0.031404050889453944,NA,NA,NA
T110__pvr_1,0.003960491935174689,-0.011807457768371048,0.023503998575372276,NA,NA,NA
T110__time,0.03599197249868541,0.0003667578655262155,0.06520690795562212,NA,NA,NA
T111__cont_trait_0,0.006821812986942102,-0.019126221582135196,0.037120068256089656,0.13103795529789025,0.05561352015273354,0.22141752357086647
T111__cat_trait_0,0.00449018116444401,-0.01985149904177872,0.03688250068917334,NA,NA,NA
T111__pvr_0,0.012738756118768716,-0.014865859108055449,0.04684461398305467,NA,NA,NA
T111__pvr_1,0.019437168712210295,-0.006907132208685156,0.05549786167647113,NA,NA,NA
T111__time,0.05665633630999766,-0.00020320288774447817,0.10161110675633064,NA,NA,NA
T112__cont_trait_0,0.0034327983365176696,-0.013815993759102165,0.021902873037690028,0.1195107693263431,0.06339075020088179,0.19979987760078222
T112__cat_trait_0,0.004155203290825957,-0.013492506295926469,0.023012104008885426,NA,NA,NA
T112__pvr_0,0.008332160843314488,-0.013015590879931774,0.03339628514381848,NA,NA,NA
T112__pvr_1,0.013836254026195434,-0.011457799081103299,0.044831865944666704,NA,NA,NA
T112__time,0.05886065282396206,0.022490115440882925,0.10310801924686386,NA,NA,NA
T113__cont_trait_0,0.01290431528526873,-0.01155133950036039,0.04350546053869641,0.1314569434650902,0.05302964264888114,0.23448768108267318
T113__cat_trait_0,0.001180457140473291,-0.01902619165171785,0.026884622155987508,NA,NA,NA
T113__pvr_0,0.004390435697523126,-0.02516719270536587,0.03399312252858154,NA,NA,NA
T113__pvr_1,0.013247200017280313,-0.009225537414555722,0.045146855386146635,NA,NA,NA
T113__time,0.06884083531901725,0.011738510352547101,0.12198497860382643,NA,NA,NA
T114__cont_trait_0,0.004174514315668373,-0.010685428890169749,0.021082682545064988,0.08391814904182486,0.04063362073318345,0.1280320037412468
T114__cat_trait_0,0.0006530043884918789,-0.012942520910775784,0.01763770512128696,NA,NA,NA
T114__pvr_0,0.002672283262922782,-0.017633470483985954,0.022968579423942904,NA,NA,NA
T114__pvr_1,0.0025182534108034423,-0.013016876603357631,0.020060293773138574,NA,NA,NA
T114__time,0.04300639365841095,0.01012746582461347,0.08014178046680281,NA,NA,NA
T115__cont_trait_0,0.0036892091685055816,-0.029105025384272808,0.03674065528950478,0.12387456641595584,0.056487721324606555,0.2034093713133726
T115__cat_trait_0,0.003795048068169501,-0.019423031118184636,0.02829563255663419,NA,NA,NA
T115__pvr_0,0.014638252414436538,-0.014363359380092339,0.05341582514516987,NA,NA,NA
T115__pvr_1,0.011813807179642666,-0.02633922837789867,0.06155988589144014,NA,NA,NA
T115__time,0.05904454957967418,0.013455168371643265,0.11229797484288548,NA,NA,NA
T116__cont_trait_0,-0.0065703204032154005,-0.04856428520572635,0.03386845319390686,0.08082782792902618,0.014296130417821358,0.15606287687834805
T116__cat_trait_0,-0.0004322922160470077,-0.014186488861638317,0.013876306495093103,NA,NA,NA
T116__pvr_0,0.00934775847215543,-0.011541894528711166,0.04248542773259344,NA,NA,NA
T116__pvr_1,0.0037020265980268452,-0.029474035774405653,0.04586687425187722,NA,NA,NA
T116__time,0.0438869554725789,0.00594696861425543,0.08621490245529081,NA,NA,NA
T117__cont_trait_0,0.00044061797922890654,-0.005911281742203647,0.007775509398367658,0.012529173865201651,0.0007676989550614022,0.03706893564795324
T117__cat_trait_0,-3.213324091847933e-05,-0.010470710152728466,0.011580644242985834,NA,NA,NA
T117__pvr_0,-0.005565932528859862,-0.020953763430980696,0.006947658425070715,NA,NA,NA
T117__pvr_1,0.0007239575453236396,-0.00547127502708238,0.008641705820211665,NA,NA,NA
T117__time,-0.01393103589510002,-0.023235038506229322,-0.004514506939062267,NA,NA,NA
T118__cont_trait_0,0.011581391462047314,-0.017174663138809415,0.04095349948991219,0.12642403323097462,0.04255177801545819,0.2298690431372714
T118__cat_trait_0,0.00044286262906504363,-0.021602939394842056,0.022896166652788985,NA,NA,NA
T118__pvr_0,0.004226227197010535,-0.025401615803643043,0.0377401149124777,NA,NA,NA
T118__pvr_1,0.013446389421960699,-0.008803269374183957,0.04599460620992689,NA,NA,NA
T118__time,0.06583346251536362,0.011690940330840765,0.11920563909705478,NA,NA,NA
T119__cont_trait_0,0.015133223327988304,-0.01285277736725432,0.046942602369493894,0.11952254561065159,0.05294974267333681,0.21467061677508747
T119__cat_trait_0,0.006613796168745791,-0.0117822820929335,0.030454622794269182,NA,NA,NA
T119__pvr_0,0.00641235710042903,-0.023016266455864437,0.02993572101122999,NA,NA,NA
T119__pvr_1,0.005464636174677987,-0.016115109619538572,0.03259664344276471,NA,NA,NA
T119__time,0.055004832833283036,0.011978378349367005,0.10484308405864178,NA,NA,NA
T120__cont_trait_0,0.0028833380540206617,-0.020559125270233524,0.024614388825985715,0.11300803113239821,0.03391884052627377,0.20097838702509774
T120__cat_trait_0,0.0019418395323405355,-0.014595232947807128,0.022466434721989906,NA,NA,NA
T120__pvr_0,0.0057475698967557574,-0.020246713453104248,0.03355381832385685,NA,NA,NA
T120__pvr_1,0.009496379622214746,-0.012163418087252745,0.03767301915150184,NA,NA,NA
T120__time,0.06204520402153906,0.017196752121111176,0.10943078560299585,NA,NA,NA
T121__cont_trait_0,0.0006110196569721203,-0.03652061506877241,0.035630346357811975,0.09371247156109572,0.025875813719836223,0.16833456047740153
T121__cat_trait_0,0.005465162444738563,-0.016706127850331518,0.0327150473514925,NA,NA,NA
T121__pvr_0,0.013099622784693205,-0.012237921268105377,0.049057430318338646,NA,NA,NA
T121__pvr_1,0.005569404177910579,-0.03871104337400265,0.05098451297358772,NA,NA,NA
T121__time,0.038073562491253765,-6.32483072158102e-05,0.07510645772922889,NA,NA,NA
T122__cont_trait_0,0.01574617877923361,-0.023523257127222967,0.0652073840261509,0.13449624504986038,0.0366946424787066,0.2692473377455955
T122__cat_trait_0,0.0082188444676173,-0.02154488777758617,0.046970205455443115,NA,NA,NA
T122__pvr_0,0.010471696308742404,-0.02032885315694192,0.0518224700439325,NA,NA,NA
T122__pvr_1,0.02411349585266581,-0.0044461807442462455,0.06488375404097434,NA,NA,NA
T122__time,0.04505232963607378,-0.0009503668082765926,0.09601386546421156,NA,NA,NA
T123__cont_trait_0,-0.0003845273998848356,-0.026866550820030297,0.02225040362108824,0.026210296313723458,0.0010892873868178455,0.08597391340319094
T123__cat_trait_0,0.0023359505087925986,-0.010605935079903272,0.0213581760163788,NA,NA,NA
T123__pvr_0,0.005228725479412643,-0.009891806612471358,0.02497730436476321,NA,NA,NA
T123__pvr_1,0.0037031381337110764,-0.03518141996696811,0.044596015053960894,NA,NA,NA
T123__time,-0.01556669041383548,-0.026446369137371584,-0.005590987936729931,NA,NA,NA
T124__cont_trait_0,0.006559278528094353,-0.011160617357888869,0.030265002478862203,0.11612554129940711,0.054087656151446235,0.1909867266106055
T124__cat_trait_0,0.003365539621500453,-0.017046213969971934,0.027993703261159443,NA,NA,NA
T124__pvr_0,0.001028853781355012,-0.02497287136868751,0.028049027880622274,NA,NA,NA
T124__pvr_1,0.011060233308282014,-0.009402181284886658,0.03797167540819109,NA,NA,NA
T124__time,0.06321793605464783,0.013000666506657337,0.11001560144503653,NA,NA,NA
T125__cont_trait_0,0.010418287436119118,-0.026036814178674844,0.05408710292649484,0.13103999895543153,0.029941419283665643,0.2536701687975813
T125__cat_trait_0,0.006590286030649201,-0.018633900011919835,0.04084817763195332,NA,NA,NA
T125__pvr_0,0.010742154120548929,-0.020875587909537117,0.04609791196606508,NA,NA,NA
T125__pvr_1,0.013942042843616087,-0.017043684941616406,0.04870006730443157,NA,NA,NA
T125__time,0.05845352851897069,0.010929459302291018,0.11367106122467498,NA,NA,NA
T126__cont_trait_0,0.0007373276667136382,-0.011840418265349303,0.012633698045816277,0.02853828634425669,0.0013467602860667439,0.07613751487571868
T126__cat_trait_0,0.002652759095134039,-0.008922605520170653,0.015391441135663554,NA,NA,NA
T126__pvr_0,0.012051810712818993,-0.010924483069005564,0.03959631946228606,NA,NA,NA
T126__pvr_1,-0.0035642880437253004,-0.023264334886894486,0.02262899117566968,NA,NA,NA
T126__time,-0.014233023092212157,-0.023394675676019692,-0.005431927901718493,NA,NA,NA
T127__cont_trait_0,0.011250437622037637,-0.01043803497264427,0.0376051559879967,0.134003744097935,0.07243637732005612,0.2153742672204471
T127__cat_trait_0,0.0014964050020905776,-0.01786901865416546,0.023779331271852444,NA,NA,NA
T127__pvr_0,0.005922799154349328,-0.019823988586316503,0.03648711762547625,NA,NA,NA
T127__pvr_1,0.01252285215547647,-0.007087545589345191,0.04392286344306281,NA,NA,NA
T127__time,0.07191755015845352,0.02170879658345634,0.12256516079961989,NA,NA,NA
T128__cont_trait_0,0.008330707560412149,-0.00603964135744568,0.02661853822204074,0.10225643698861825,0.05533754051782001,0.1577830539759329
T128__cat_trait_0,0.005620331162159101,-0.010742066682307962,0.026349384576832374,NA,NA,NA
T128__pvr_0,0.007279381805299946,-0.013859843224897049,0.03261636892337625,NA,NA,NA
T128__pvr_1,0.0012935072948143706,-0.01640657962609835,0.023912242585322978,NA,NA,NA
T128__time,0.04883880916040521,0.011204436871456943,0.0924071703604941,NA,NA,NA
T129__cont_trait_0,0.004110971322153662,-0.008760858023742499,0.01968206046356129,0.02550214148195775,0.0021336944692270324,0.07253716378116182
T129__cat_trait_0,0.0022896159599234923,-0.01173753307633103,0.017633988131096456,NA,NA,NA
T129__pvr_0,0.0032911327025300003,-0.013773689867903375,0.024446936024315108,NA,NA,NA
T129__pvr_1,0.0041463398765575555,-0.006708737317656557,0.019520954544468748,NA,NA,NA
T129__time,-0.019229618384734415,-0.03058326959344766,-0.007767331360098537,NA,NA,NA
T130__cont_trait_0,0.006771950807586654,-0.020031223321056644,0.03865341243063575,0.12938829787532724,0.05119463040539522,0.23118075491481438
T130__cat_trait_0,0.006831373217388458,-0.01642264631542262,0.04042073931556785,NA,NA,NA
T130__pvr_0,0.00467601549962954,-0.023378244037419005,0.042255004403885896,NA,NA,NA
T130__pvr_1,0.017076780873707325,-0.004574219427151582,0.05607515109985059,NA,NA,NA
T130__time,0.06313847747148783,0.011195832520015058,0.11052422021219037,NA,NA,NA
T131__cont_trait_0,-0.00026290023107637716,-0.018161268664450142,0.01647704462870091,0.09024781237825281,0.03832266393625709,0.14611107633952847
T131__cat_trait_0,0.0016911915730661554,-0.013027452735723432,0.020641149164792816,NA,NA,NA
T131__pvr_0,0.009668638528524542,-0.014335227859065743,0.0407921297512482,NA,NA,NA
T131__pvr_1,-0.0025341433794134937,-0.024129595441289686,0.018615340218209667,NA,NA,NA
T131__time,0.050791325881624536,0.014140068930225104,0.09414433762575464,NA,NA,NA
T132__cont_trait_0,0.011651165903234343,-0.00586060358010497,0.03496654635167681,0.10698572150277853,0.0549965560555823,0.1785915295547841
T132__cat_trait_0,0.009093054625719663,-0.01021493060705176,0.034834930094824496,NA,NA,NA
T132__pvr_0,0.008867902303629887,-0.021292391280119137,0.04110939974704109,NA,NA,NA
T132__pvr_1,-0.001705383006763315,-0.034812804341482574,0.03056293534804917,NA,NA,NA
T132__time,0.04818528167143056,0.010172839448489818,0.09417656683669826,NA,NA,NA
T133__cont_trait_0,0.013616500740705981,-0.007296735465806082,0.04502315039853815,0.13406231761442847,0.06466996714326297,0.22489864906393528
T133__cat_trait_0,0.004241052170503323,-0.018006395718892114,0.025708679586926263,NA,NA,NA
T133__pvr_0,0.012856508452775766,-0.01610952888143897,0.04485669310385033,NA,NA,NA
T133__pvr_1,0.012430756986445413,-0.01814640367764135,0.041186114638096696,NA,NA,NA
T133__time,0.0600237992584705,0.013451730264225213,0.10437436006849167,NA,NA,NA
T134__cont_trait_0,0.01676179102402302,-0.011153310442208735,0.05398068055517002,0.12794901107603243,0.04788473254154598,0.22222865492183017
T134__cat_trait_0,0.0021348387662934757,-0.013896629877944655,0.027962502237007053,NA,NA,NA
T134__pvr_0,0.0034626192710460646,-0.026979531746434617,0.03472235294859924,NA,NA,NA
T134__pvr_1,0.012086309395685772,-0.007523908483213201,0.0402649989606632,NA,NA,NA
T134__time,0.06260975261345658,-0.0003717441767382597,0.11018081730976687,NA,NA,NA
T135__cont_trait_0,0.003888615790349562,-0.00784117396370582,0.017512966037402163,0.016135125150315417,0.0009601226258881203,0.04691479904380785
T135__cat_trait_0,0.0003637251565768693,-0.011057902890437912,0.013468514826959665,NA,NA,NA
T135__pvr_0,-0.004859879389918937,-0.021897906289648564,0.009315699804767572,NA,NA,NA
T135__pvr_1,0.0010181919385352444,-0.006305207449827812,0.008768852127101589,NA,NA,NA
T135__time,-0.015169228350754774,-0.026338122042720895,-0.005612304285761121,NA,NA,NA
T136__cont_trait_0,0.008005806440731381,-0.01606983384441118,0.04352088959678641,0.07009538202655248,0.00569664496673555,0.14324822241040078
T136__cat_trait_0,-0.006098401150976547,-0.02394498371292514,0.014238869440334364,NA,NA,NA
T136__pvr_0,0.004821440402301145,-0.018227308981769507,0.03374834683569683,NA,NA,NA
T136__pvr_1,0.001794255200946498,-0.021101201304790783,0.02914231894880514,NA,NA,NA
T136__time,0.030678581128022568,-0.006980252416930505,0.06847765779310525,NA,NA,NA
T137__cont_trait_0,0.005165831673463568,-0.01131570315943798,0.02675191456442968,0.10349694397419781,0.03950936959671457,0.17089350820234234
T137__cat_trait_0,0.0034478287333592275,-0.0171522772869531,0.02547905440768023,NA,NA,NA
T137__pvr_0,-0.0037160541115834464,-0.030609667414917194,0.02432309914698574,NA,NA,NA
T137__pvr_1,0.008620361713577341,-0.011663020886970705,0.03477521923109436,NA,NA,NA
T137__time,0.05908527595985363,0.014693651255170297,0.10777045844163295,NA,NA,NA
T138__cont_trait_0,0.0018028990390989556,-0.00986872912354641,0.01900910544088804,0.029061970603288335,0.0010037001599302008,0.09872586848584941
T138__cat_trait_0,0.0016332266326989893,-0.013210283300267661,0.02654050073343408,NA,NA,NA
T138__pvr_0,0.0037523249932469712,-0.010967413054881942,0.024448346773026597,NA,NA,NA
T138__pvr_1,0.00728402885542028,-0.005829826175175174,0.030617220673385966,NA,NA,NA
T138__time,-0.016304208922704327,-0.027674297341829114,-0.005567684734049194,NA,NA,NA
T139__cont_trait_0,0.0038788694446740576,-0.005884302921468829,0.02000419126748638,0.016195780280813275,0.0009600804306574007,0.04638443316814877
T139__cat_trait_0,0.0003646711890935694,-0.010938459386075116,0.013782853600853974,NA,NA,NA
T139__pvr_0,-0.004816732754934654,-0.021277767370784677,0.009875744556737585,NA,NA,NA
T139__pvr_1,0.0010276519353521047,-0.006379474767379281,0.008722498976709903,NA,NA,NA
T139__time,-0.015152379538899266,-0.026139422157067077,-0.005355644922865331,NA,NA,NA
T140__cont_trait_0,0.001337259989111072,-0.009960109004395035,0.013479157453446518,0.028525554365328123,0.0009355316889271218,0.07783963269184825
T140__cat_trait_0,0.002647097518104887,-0.008589202101506571,0.015423495124285456,NA,NA,NA
T140__pvr_0,0.012630378685703844,-0.011910756028427805,0.043208748499966275,NA,NA,NA
T140__pvr_1,-0.005485835187898874,-0.03087322723531623,0.02555543493113421,NA,NA,NA
T140__time,-0.013497046645220282,-0.02229269964394251,-0.004733546337422609,NA,NA,NA
T141__cont_trait_0,0.00011490616365522536,-0.019761519631268105,0.01984793027835967,0.09031260997509416,0.0334942889686477,0.15710792792475464
T141__cat_trait_0,0.0028736832640825836,-0.014926264866206854,0.023519076004806218,NA,NA,NA
T141__pvr_0,0.010405953063392571,-0.019390267597506332,0.041086607684249134,NA,NA,NA
T141__pvr_1,-0.003227069971794127,-0.0268410877972397,0.020884253095985243,NA,NA,NA
T141__time,0.049251437450230404,0.01144103945994539,0.09144031361307409,NA,NA,NA
T142__cont_trait_0,0.001032579478214805,-0.04976227247838015,0.03936861289407333,0.10975778610498575,0.043367083872404774,0.1934733396072979
T142__cat_trait_0,0.004839842243422027,-0.014897000323347391,0.03156405477011224,NA,NA,NA
T142__pvr_0,0.012260398274081848,-0.017215555611709607,0.045963338892067905,NA,NA,NA
T142__pvr_1,0.006139082415002727,-0.035451534954101034,0.0528063893711318,NA,NA,NA
T142__time,0.054592183688736945,0.008386066718905141,0.09791761476244958,NA,NA,NA
T143__cont_trait_0,0.012749605632825026,-0.010227500587557233,0.041315511513734395,0.1315341141843032,0.06254235785569455,0.2205004460622341
T143__cat_trait_0,0.003451493295634992,-0.01945464747586393,0.02421785380274241,NA,NA,NA
T143__pvr_0,0.011920834144720597,-0.017883112919587118,0.04290467255117896,NA,NA,NA
T143__pvr_1,0.010801776441703787,-0.018291830774317015,0.039353482285706884,NA,NA,NA
T143__time,0.061716704663891356,0.013879547498814614,0.10552225509002318,NA,NA,NA
T144__cont_trait_0,0.006163592075022424,-0.009957726216908047,0.025508937399020326,0.08512674637725094,0.04049247124293598,0.12763847650179028
T144__cat_trait_0,0.0030969285435093904,-0.01336383020408599,0.0221091849716055,NA,NA,NA
T144__pvr_0,0.0063510856258877256,-0.015704144368237867,0.032421000997418854,NA,NA,NA
T144__pvr_1,0.0042390274244083065,-0.015455679402358143,0.02152975784355631,NA,NA,NA
T144__time,0.03438241270289562,0.002815715651920885,0.064842204570194,NA,NA,NA
T145__cont_trait_0,0.014929146152263624,-0.013455372994382396,0.05462193452281264,0.15263270217096334,0.03996918312562108,0.2875801919758008
T145__cat_trait_0,0.0026865988851568225,-0.02886010706239993,0.03542155086184966,NA,NA,NA
T145__pvr_0,0.016343593177467083,-0.01892123203987992,0.05839968973808234,NA,NA,NA
T145__pvr_1,0.017881243434686524,-0.010292067024676312,0.056408278012734916,NA,NA,NA
T145__time,0.06989842051586176,0.010489408736999854,0.13514759257123793,NA,NA,NA
T146__cont_trait_0,0.002297803062409817,-0.005118638351058586,0.013251151914131173,0.016004787907099347,0.0007827207015312565,0.04739361624582812
T146__cat_trait_0,0.001303647830317046,-0.009998041278156546,0.01250922470495314,NA,NA,NA
T146__pvr_0,-0.0048794709032841735,-0.018461890178465282,0.011350819269763446,NA,NA,NA
T146__pvr_1,0.002172101818032052,-0.003705353434768844,0.010989623033351265,NA,NA,NA
T146__time,-0.01578299390590283,-0.025757302327245442,-0.0042603635040415495,NA,NA,NA
T147__cont_trait_0,0.010825700333846635,-0.05190556070038549,0.07112709795567791,0.0793298759985622,0.004750185657921124,0.16154464263527402
T147__cat_trait_0,0.00489163393578494,-0.01466343720804396,0.031153293515980455,NA,NA,NA
T147__pvr_0,0.010980585549444113,-0.009932830510655567,0.04549132340257346,NA,NA,NA
T147__pvr_1,0.0033374119004894193,-0.035135029430637905,0.04624365804123,NA,NA,NA
T147__time,0.018400844273469653,-0.0057575513053261165,0.04928511351426577,NA,NA,NA
T148__cont_trait_0,0.0003978546771337663,-0.017093803849060864,0.020848708693611107,0.09423757323317261,0.031725436249980275,0.1570954375019069
T148__cat_trait_0,0.0026232514992386635,-0.022757669078804298,0.02735684175946384,NA,NA,NA
T148__pvr_0,0.0038685574560175435,-0.023091902535882145,0.029111364171476122,NA,NA,NA
T148__pvr_1,0.013462568231274358,-0.006735053747190252,0.03939343332860513,NA,NA,NA
T148__time,0.04299164136398078,0.003938326877613727,0.08335135353249645,NA,NA,NA
T149__cont_trait_0,0.009040960127937637,-0.018393501949048027,0.05042554127340713,0.1209500836709301,0.025302039362072332,0.25580714097828655
T149__cat_trait_0,0.007272026240698807,-0.019947721409751637,0.046319734259216865,NA,NA,NA
T149__pvr_0,0.008708086048738146,-0.019319540164302627,0.04004537622546703,NA,NA,NA
T149__pvr_1,0.007374855798639006,-0.01187585984417581,0.034845028372017584,NA,NA,NA
T149__time,0.057660455449388984,0.00019413732614292217,0.11107256957484382,NA,NA,NA
T150__cont_trait_0,-0.007714620634565432,-0.028531373223543776,0.01756207211761624,0.0199828491035999,0.00039290675977006646,0.06558091765702236
T150__cat_trait_0,0.0014267459582178775,-0.0092576348602275,0.012112097677137522,NA,NA,NA
T150__pvr_0,0.0052891119943941425,-0.00946802737249321,0.026980682905562617,NA,NA,NA
T150__pvr_1,0.0038471820702440703,-0.0064174170561500455,0.018347056048950563,NA,NA,NA
T150__time,-0.013759270290218206,-0.023718231678262553,-0.003268428145245802,NA,NA,NA
T151__cont_trait_0,0.012433504536437826,-0.010213110865962648,0.040690689342747,0.13128676588022833,0.05822329168167991,0.21370565813616194
T151__cat_trait_0,0.002228796686747149,-0.0181562307191262,0.026208697703792177,NA,NA,NA
T151__pvr_0,0.003782147954825911,-0.026743736751862486,0.03038055994348697,NA,NA,NA
T151__pvr_1,0.012365514732123328,-0.010385011360899681,0.04241925434125257,NA,NA,NA
T151__time,0.06958310196456657,0.01488287268742489,0.11995240573908321,NA,NA,NA
T152__cont_trait_0,0.009072152867420212,-0.009988158531184687,0.032661606566852436,0.10377222506460153,0.03756496944809927,0.17476766577777061
T152__cat_trait_0,-0.0004833640466903611,-0.016716830847884098,0.01677918089073997,NA,NA,NA
T152__pvr_0,0.00047285896247829026,-0.0217664915722045,0.02407907304231283,NA,NA,NA
T152__pvr_1,0.00935682085404786,-0.00789831172709042,0.033365222461390495,NA,NA,NA
T152__time,0.05446005642181807,0.0088223396031968,0.09708835565652507,NA,NA,NA
T153__cont_trait_0,0.011995290347897874,-0.009680785890992142,0.04038641390565396,0.11809009701087378,0.052330360120086544,0.20602087093349003
T153__cat_trait_0,0.0027672137154697097,-0.01798801732201815,0.02546819872830594,NA,NA,NA
T153__pvr_0,-0.00047843416043555885,-0.031498954911936466,0.030860651330258067,NA,NA,NA
T153__pvr_1,0.010736966825531368,-0.01066551361198198,0.04011149639229912,NA,NA,NA
T153__time,0.06217536027688294,0.014247675178253913,0.11227307642455382,NA,NA,NA
T154__cont_trait_0,0.009193793595620664,-0.007361145168446301,0.03082071344314772,0.043639750041257565,0.0026073188528776756,0.1058157022380415
T154__cat_trait_0,0.005258421266016286,-0.008586755725099881,0.02320316033631529,NA,NA,NA
T154__pvr_0,0.013902039765907901,-0.016460587314096872,0.0463641681208484,NA,NA,NA
T154__pvr_1,0.00012114328412037103,-0.02291300272551778,0.03451067355297337,NA,NA,NA
T154__time,-0.015729347875935135,-0.02723987772501632,-0.005341667126277434,NA,NA,NA
T155__cont_trait_0,0.008708101593976291,-0.03850852232582204,0.056155373187545425,0.12521502153057712,0.009519847905377462,0.23964761060807474
T155__cat_trait_0,0.005004106678002205,-0.015049248712494315,0.0364927055699478,NA,NA,NA
T155__pvr_0,0.008343977480032011,-0.025731571787152366,0.04751355407200709,NA,NA,NA
T155__pvr_1,0.013469863316480457,-0.007887601329112258,0.043454675432302234,NA,NA,NA
T155__time,0.05879527245655874,0.001536572929367654,0.10819740531458126,NA,NA,NA
T156__cont_trait_0,0.00784861955575736,-0.005697510445890336,0.027219194620357795,0.10242504702261036,0.05502699604354498,0.1630591986814149
T156__cat_trait_0,0.006376033790638079,-0.008595287971312092,0.029493493590164937,NA,NA,NA
T156__pvr_0,0.008094297535791769,-0.015595210333434951,0.03457178647036547,NA,NA,NA
T156__pvr_1,-0.0004443614412295448,-0.023488807042038484,0.026596134640615457,NA,NA,NA
T156__time,0.04965675757612521,0.011018716104063204,0.09577115856904217,NA,NA,NA
T157__cont_trait_0,0.012348047830413376,-0.010739192422681178,0.03918878107991723,0.13990366090976109,0.06865191251982294,0.2328499067720841
T157__cat_trait_0,0.006094686863912617,-0.01181092326076711,0.03171532853716338,NA,NA,NA
T157__pvr_0,0.013611749958150133,-0.01516878832231059,0.04459230536646563,NA,NA,NA
T157__pvr_1,0.017437462561243667,-0.014025919315582648,0.053090250050022415,NA,NA,NA
T157__time,0.05951801369051387,0.01528934255678574,0.10267042776802848,NA,NA,NA
T158__cont_trait_0,0.0020932993575991416,-0.010590584814044311,0.017072025921263605,0.05877851414756555,0.009228575011298156,0.11289142634722435
T158__cat_trait_0,0.0010168541665627076,-0.018538372806302404,0.02104368565918356,NA,NA,NA
T158__pvr_0,-0.010735527956757166,-0.034398416801939447,0.01869527912292778,NA,NA,NA
T158__pvr_1,0.004312608373903184,-0.01325643592541318,0.02392905751301795,NA,NA,NA
T158__time,0.031197580200730195,-0.0014871471026262715,0.06499453774600288,NA,NA,NA
T159__cont_trait_0,0.001098222171936679,-0.03412566854351529,0.04132553495697185,0.11555886159705801,0.055964747651565436,0.1909846818030472
T159__cat_trait_0,0.004215101011107403,-0.014801647410720604,0.02932191438419477,NA,NA,NA
T159__pvr_0,0.012480080164028236,-0.014781926307774074,0.048195992537318606,NA,NA,NA
T159__pvr_1,0.00776225172017361,-0.03339375908579053,0.052836220369845234,NA,NA,NA
T159__time,0.059109506524284657,0.011810496815009817,0.10569418978789513,NA,NA,NA
T160__cont_trait_0,0.020995329760394203,-0.009681160461457318,0.06611854906312054,0.16340195704817734,0.040285701082821965,0.33131116554349954
T160__cat_trait_0,0.005548625964326477,-0.022107359915523622,0.04301605442195324,NA,NA,NA
T160__pvr_0,0.019266156162566266,-0.015408078655171825,0.07466726566356285,NA,NA,NA
T160__pvr_1,0.031317801367936736,-0.030024608801258103,0.10550872233857347,NA,NA,NA
T160__time,0.055380343787426206,0.0013909350365125042,0.10937414604472204,NA,NA,NA
T161__cont_trait_0,0.011147061605960714,-0.007710862477928859,0.03322884914330123,0.10984984442485618,0.056852399575202085,0.17945604202854915
T161__cat_trait_0,0.007811334041683765,-0.008184406799857423,0.033743772043047085,NA,NA,NA
T161__pvr_0,0.00824848626806785,-0.020078570696931152,0.03630023236375402,NA,NA,NA
T161__pvr_1,0.000468516310616594,-0.0270634791907617,0.02894243702459742,NA,NA,NA
T161__time,0.05128074619299981,0.010783881946649376,0.09817481121950472,NA,NA,NA
T162__cont_trait_0,0.0012624733739297765,-0.030849797443146185,0.040615604879152396,0.11953949394172123,0.055086094235588134,0.1942556479691776
T162__cat_trait_0,0.004562174890353033,-0.016929633033839445,0.02872808254341066,NA,NA,NA
T162__pvr_0,0.014337948583513857,-0.013571549188144086,0.054034218648356946,NA,NA,NA
T162__pvr_1,0.009070368401775823,-0.03604932652189053,0.05501096153561081,NA,NA,NA
T162__time,0.05941282868662126,0.015525272977822798,0.1103283953294667,NA,NA,NA
T163__cont_trait_0,0.0018260984384818953,-0.01931979100247775,0.02358755063598839,0.1185572324756527,0.05599551629981542,0.18790055859718185
T163__cat_trait_0,0.0023498372640005406,-0.021836573933410312,0.026114087198890076,NA,NA,NA
T163__pvr_0,0.00905275080150485,-0.01683016524988429,0.037929253968012125,NA,NA,NA
T163__pvr_1,0.015163223503504112,-0.0059726776977069886,0.04476544512007335,NA,NA,NA
T163__time,0.0592716224626338,0.009745367037724256,0.1068476894521721,NA,NA,NA
T164__cont_trait_0,0.005907111989792945,-0.014661156855172762,0.03250280596258894,0.11471710651694987,0.02760120282796459,0.23204379782883477
T164__cat_trait_0,0.005888453963050069,-0.019554153144348583,0.04012418954480152,NA,NA,NA
T164__pvr_0,0.006705300327664867,-0.018918224704055183,0.03212845480410559,NA,NA,NA
T164__pvr_1,0.008716313457381152,-0.01569028882904863,0.038968674246434236,NA,NA,NA
T164__time,0.056606226773533386,0.0006607699226325904,0.11061820253191548,NA,NA,NA
T165__cont_trait_0,0.0050256867696056905,-0.03570793320041814,0.05048737485015306,0.10132547083011272,0.02663574176914877,0.17974519692610208
T165__cat_trait_0,-0.0009061690431238413,-0.017235189147124564,0.015551984285392024,NA,NA,NA
T165__pvr_0,0.00826185639657509,-0.014907625228775073,0.034834435987633916,NA,NA,NA
T165__pvr_1,0.013500753003149147,-0.014528902186966109,0.04536988950464744,NA,NA,NA
T165__time,0.04454964369837927,0.01248364540970998,0.08708202346186933,NA,NA,NA
T166__cont_trait_0,-0.007598826001372757,-0.02941640066104624,0.017759315262294108,0.01772323458325486,0.00028405748016541513,0.06505431745718122
T166__cat_trait_0,0.0009992683812588827,-0.009025554547249178,0.01089611937298426,NA,NA,NA
T166__pvr_0,0.0029073064291195464,-0.00771456053527993,0.018763105215837093,NA,NA,NA
T166__pvr_1,0.003931982033250064,-0.012126762014547605,0.025326679198288918,NA,NA,NA
T166__time,-0.013410196264528303,-0.023949348703576956,-0.004314693020184924,NA,NA,NA
T168__cont_trait_0,0.01542643931254163,-0.009535133747004121,0.046707030457263,0.1120016719288347,0.044538712328431616,0.19496892139822347
T168__cat_trait_0,0.0017753393819283027,-0.016113831254770762,0.020956690904107844,NA,NA,NA
T168__pvr_0,-0.0003614287401388871,-0.02689001047999144,0.025594316737401274,NA,NA,NA
T168__pvr_1,0.010404186150134852,-0.01039042421365604,0.03360150131092131,NA,NA,NA
T168__time,0.053863435818841385,0.010279803002253826,0.10167104080340336,NA,NA,NA
T169__cont_trait_0,0.026328746466886252,-0.00827860254109863,0.07825162635812194,0.1645960347479402,0.028338030992147142,0.3717239301564583
T169__cat_trait_0,0.008557563184720838,-0.02397683656668488,0.056710753848132574,NA,NA,NA
T169__pvr_0,0.01926060078668146,-0.019606663689850895,0.06860532797500622,NA,NA,NA
T169__pvr_1,0.029196394084743678,-0.030905242679669848,0.11045595011021368,NA,NA,NA
T169__time,0.05035903021938054,-0.004618798035134082,0.11138519359998232,NA,NA,NA
T170__cont_trait_0,0.013889260899913766,-0.026564819787418176,0.05829354394650399,0.1465806171785943,0.05668627039462265,0.2980027755995341
T170__cat_trait_0,0.0077067246263360974,-0.025378186322483717,0.04236616206642587,NA,NA,NA
T170__pvr_0,0.014567150937977145,-0.01793268700815774,0.05126960723815187,NA,NA,NA
T170__pvr_1,0.023383898133266443,-0.00804730178362736,0.06836238346468128,NA,NA,NA
T170__time,0.056139882575573355,0.007912667914435581,0.11254037243546097,NA,NA,NA
T171__cont_trait_0,-0.00038229398131902275,-0.006867672778832507,0.006582538142767489,0.010948399655001462,0.000743511479312957,0.031965552327444156
T171__cat_trait_0,-0.00023078448133598457,-0.008279270860143056,0.011250127855825878,NA,NA,NA
T171__pvr_0,-0.006547723428703082,-0.023612798125240614,0.005786561613654364,NA,NA,NA
T171__pvr_1,0.00017827654804037607,-0.006768694251237277,0.009014617621595876,NA,NA,NA
T171__time,-0.012962775007208296,-0.022315570333992184,-0.0042196271726708985,NA,NA,NA
T172__cont_trait_0,0.015421428231255573,-0.010314061494306834,0.04841884153384147,0.1193660191653288,0.04672364115205351,0.19982336226099714
T172__cat_trait_0,0.009867654281913172,-0.009199226142257079,0.038690568120304386,NA,NA,NA
T172__pvr_0,0.008180024409072291,-0.019518185005115908,0.04455522719027055,NA,NA,NA
T172__pvr_1,0.0026651220208914693,-0.027808133340227168,0.03798032692945626,NA,NA,NA
T172__time,0.05233809021666888,0.009347654948585821,0.10196459978696754,NA,NA,NA
T174__cont_trait_0,0.008311259595925529,-0.008603488305506817,0.02835026903996471,0.09599939843103804,0.04579538629384611,0.15159501927057356
T174__cat_trait_0,0.00888140622954946,-0.010723358083387285,0.03581714430345899,NA,NA,NA
T174__pvr_0,0.010966780572371614,-0.01662539811703328,0.04107060304328066,NA,NA,NA
T174__pvr_1,-0.0031493606506137924,-0.029830409060524192,0.027088119872737623,NA,NA,NA
T174__time,0.04009561267827773,0.0023439909043745898,0.07678272042987357,NA,NA,NA
T175__cont_trait_0,-0.004715945231743421,-0.030906533055448916,0.024719055011101613,0.10188264484782819,0.03521873891643254,0.18656288730871076
T175__cat_trait_0,-0.0005362146316325636,-0.015062824124393685,0.01496053614641743,NA,NA,NA
T175__pvr_0,0.011974053269719797,-0.01651963870062562,0.04931585815526545,NA,NA,NA
T175__pvr_1,0.009542589580641837,-0.02286204162988556,0.05599797267478285,NA,NA,NA
T175__time,0.054724461855315064,0.016665588142490518,0.1038030396554922,NA,NA,NA
T176__cont_trait_0,0.0010973589030278846,-0.01743396613912113,0.016491126666923907,0.08898885642163892,0.04576333339821755,0.14633948830574323
T176__cat_trait_0,0.005293807354474317,-0.01316844086237761,0.02799774266876856,NA,NA,NA
T176__pvr_0,0.012675330163802576,-0.019006045501412293,0.038726748300452814,NA,NA,NA
T176__pvr_1,-0.004008596520634479,-0.028401252564838175,0.020592299385006323,NA,NA,NA
T176__time,0.04303725651544115,0.00532710257762441,0.07925649892111909,NA,NA,NA
T177__cont_trait_0,0.016200631101847166,-0.010599991188707837,0.05064099676486841,0.12185286706800309,0.044008130251459145,0.21213436674710287
T177__cat_trait_0,0.002667257942036906,-0.01668862762853516,0.02639712457895268,NA,NA,NA
T177__pvr_0,0.0030568646477418834,-0.02690059346844823,0.03159203799039637,NA,NA,NA
T177__pvr_1,0.01175111756020704,-0.008674530810713671,0.03717145788453869,NA,NA,NA
T177__time,0.05728329581064254,0.005473298754497499,0.10013695022516708,NA,NA,NA
T178__cont_trait_0,0.0016701518883226528,-0.014410318115928852,0.019257172914886583,0.08814349754255589,0.03549506924807349,0.14111841562334815
T178__cat_trait_0,0.005429002419779968,-0.011829326289935226,0.027607372096603466,NA,NA,NA
T178__pvr_0,0.012222253159576098,-0.018390635756722014,0.044549140681314485,NA,NA,NA
T178__pvr_1,-0.00652476471832029,-0.03831712611420455,0.022935927362291827,NA,NA,NA
T178__time,0.04445315478767,0.010397723245816797,0.08711159912088329,NA,NA,NA
T179__cont_trait_0,0.0009503741576878537,-0.013933805149831195,0.018329822267969482,0.025973748180176347,0.0006642708757767669,0.07905540617642162
T179__cat_trait_0,0.0021354355117102638,-0.010117868647268796,0.01318629893552025,NA,NA,NA
T179__pvr_0,0.01050145410325868,-0.0112989449294471,0.04243981561784349,NA,NA,NA
T179__pvr_1,-0.00578014084706086,-0.03228819495280081,0.026368064617429212,NA,NA,NA
T179__time,-0.01272707475094706,-0.021903437079449632,-0.003303071984294602,NA,NA,NA
T180__cont_trait_0,-0.0006851243736455974,-0.03027103474842472,0.028922570576889815,0.08865142844898928,0.018089743534610344,0.15672525333579865
T180__cat_trait_0,0.0027639651405892978,-0.015810989428679697,0.028111909780692994,NA,NA,NA
T180__pvr_0,0.0022392141558620782,-0.02034363455163392,0.02436773084984141,NA,NA,NA
T180__pvr_1,0.003960979586542669,-0.01658425414534872,0.024378303593549908,NA,NA,NA
T180__time,0.04947869393411341,0.009153862132512519,0.09286145751533591,NA,NA,NA
T181__cont_trait_0,0.003225546067920553,-0.00630750106923453,0.01552061934629659,0.015005791521758714,0.0006561721292008948,0.04543943656090201
T181__cat_trait_0,0.0012552707638852501,-0.008451083147735594,0.013402303233718972,NA,NA,NA
T181__pvr_0,-0.006231383772211731,-0.020239579617855736,0.010941494330740608,NA,NA,NA
T181__pvr_1,0.0009333789653543058,-0.0065083009663537954,0.008742063494653503,NA,NA,NA
T181__time,-0.015070720508717142,-0.025325121612082696,-0.004819105410739086,NA,NA,NA
T182__cont_trait_0,0.007260960596572935,-0.017008220474066676,0.04209091249618527,0.124889653520171,0.04348445855274066,0.23256591470657953
T182__cat_trait_0,0.007545956215262722,-0.021014082675878815,0.039835553367934956,NA,NA,NA
T182__pvr_0,0.006384597170686425,-0.022411410199228463,0.04159363353846289,NA,NA,NA
T182__pvr_1,0.019773209449384096,-0.005845365865013899,0.05790891147313866,NA,NA,NA
T182__time,0.05303123008273745,0.004333072151527603,0.10219180274652812,NA,NA,NA
T183__cont_trait_0,0.003522617435174992,-0.008519915614713353,0.019114041584535748,0.017754544910079103,0.0006770776519094291,0.05136870488077164
T183__cat_trait_0,0.0013892297626360672,-0.0091431363869165,0.013255357219432915,NA,NA,NA
T183__pvr_0,-0.003722261101252935,-0.018720947660555532,0.013239446029551311,NA,NA,NA
T183__pvr_1,0.0021016565228205433,-0.00598803986000272,0.010088720879706968,NA,NA,NA
T183__time,-0.016430397714827013,-0.02772181721043781,-0.005701096218335346,NA,NA,NA
T184__cont_trait_0,0.0027672438879552384,-0.005569044752287102,0.015705826430622204,0.01580836285051866,0.001127889629494401,0.04652727232244308
T184__cat_trait_0,0.0011617330329658406,-0.00993106548022008,0.012190746300147798,NA,NA,NA
T184__pvr_0,-0.005211450610106499,-0.019237925014488115,0.010523152269784343,NA,NA,NA
T184__pvr_1,0.001969395868720125,-0.00514756088158919,0.010063128308877112,NA,NA,NA
T184__time,-0.015772259334543508,-0.026577981765644673,-0.005254796702072465,NA,NA,NA
T185__cont_trait_0,-0.0005720109606429043,-0.008058967527846688,0.006617670279240326,0.010918008580152995,0.0007686793040155493,0.03197566447304348
T185__cat_trait_0,-0.0002439795874729408,-0.00990340609329932,0.009292105924086648,NA,NA,NA
T185__pvr_0,-0.006516961741118884,-0.023306982052563756,0.006422118796393438,NA,NA,NA
T185__pvr_1,0.00029051655109197245,-0.007699091101739022,0.008154141846079118,NA,NA,NA
T185__time,-0.012933255687231724,-0.022354231242483695,-0.004211250461071827,NA,NA,NA
T187__cont_trait_0,-0.001742148487114942,-0.022979061569104127,0.020716337870849522,0.024232489341920627,0.00027122429817352995,0.07547921408812058
T187__cat_trait_0,0.0016159288216928366,-0.008541641339959782,0.01685203403036967,NA,NA,NA
T187__pvr_0,0.0051031670892294064,-0.009754845920641611,0.023258941970065374,NA,NA,NA
T187__pvr_1,0.0034015948007673226,-0.027385153577865504,0.05003935792128718,NA,NA,NA
T187__time,-0.015039752888181454,-0.02491399962349525,-0.003384022264810188,NA,NA,NA
T188__cont_trait_0,0.0025258014422173186,-0.024701652361644476,0.040128917669968074,0.03527362780012812,0.0005255004251041254,0.10326992625535825
T188__cat_trait_0,-0.00028250773790846343,-0.01369917599868947,0.013891422233703779,NA,NA,NA
T188__pvr_0,0.01019968085051119,-0.012192174793059472,0.041275796806339915,NA,NA,NA
T188__pvr_1,0.005184042721321859,-0.011666548598628703,0.03257452843066895,NA,NA,NA
T188__time,-0.013247089481541229,-0.024710382214663647,-0.0017270707582270964,NA,NA,NA
T189__cont_trait_0,-0.0005449376967300804,-0.008194939350572004,0.0063115389245359385,0.010773985331463076,0.0007557678633670793,0.030496607655267634
T189__cat_trait_0,-0.0002573590057963153,-0.01016683706937355,0.008885929035681217,NA,NA,NA
T189__pvr_0,-0.006719720915768879,-0.023199366247829957,0.00705395489756764,NA,NA,NA
T189__pvr_1,0.00017533692552287923,-0.0076362409094231564,0.00891472131589289,NA,NA,NA
T189__time,-0.012773033981291997,-0.02210482381345154,-0.0041367792830760575,NA,NA,NA
T190__cont_trait_0,-0.0013054688790536,-0.04255157833419912,0.03887553693220485,0.09199373262190409,0.02926234192519202,0.16154608622409747
T190__cat_trait_0,0.005528718912612588,-0.014461083533649569,0.03273010463697512,NA,NA,NA
T190__pvr_0,0.012291811393168693,-0.014208882623692833,0.04497339431900986,NA,NA,NA
T190__pvr_1,0.0027821777954084325,-0.046762857987195705,0.047016452033198375,NA,NA,NA
T190__time,0.04180279339424049,-0.0002184042093440232,0.07921843823869273,NA,NA,NA
T192__cont_trait_0,0.0045688098709868365,-0.010998907616816277,0.025078628696264878,0.024496089728608127,0.0005488986637795061,0.08294748746191968
T192__cat_trait_0,0.0029833327875019356,-0.011612414167879155,0.019463524115293476,NA,NA,NA
T192__pvr_0,-0.004266155939084176,-0.01878476809175581,0.014490407750942527,NA,NA,NA
T192__pvr_1,0.005155230445130921,-0.0022823518319050468,0.019629428463947607,NA,NA,NA
T192__time,-0.014838827441454863,-0.02683471969010169,-0.004019681173850133,NA,NA,NA
T193__cont_trait_0,0.010788852354920773,-0.012485590023422002,0.03870005129042617,0.09900986317234414,0.025936618276940156,0.17939641396061512
T193__cat_trait_0,0.0004099941989221062,-0.018707610400035032,0.022466488798806285,NA,NA,NA
T193__pvr_0,-0.001381102271549303,-0.028405696275215813,0.03403267650254573,NA,NA,NA
T193__pvr_1,0.010372020688930601,-0.009721314542321561,0.03477790145478166,NA,NA,NA
T193__time,0.04792639819559255,0.0025489809560272775,0.09083958015735202,NA,NA,NA
T194__cont_trait_0,0.000463908735789379,-0.012327817932560183,0.01652329098093845,0.025753891263667686,0.0006922423821056284,0.07537633709773843
T194__cat_trait_0,0.002204505397066205,-0.00919975037813476,0.014154944704210321,NA,NA,NA
T194__pvr_0,0.011149641171825216,-0.00884207434932956,0.04395657163246826,NA,NA,NA
T194__pvr_1,-0.006044443194613149,-0.03126193830627507,0.02682851028457575,NA,NA,NA
T194__time,-0.01291342085192743,-0.02289017308839999,-0.004852850344145826,NA,NA,NA
T195__cont_trait_0,0.006950512852375523,-0.0060295391105524496,0.02387002235996235,0.040534738581222016,0.002578318000479902,0.09612233440321569
T195__cat_trait_0,0.004833513597814189,-0.00894843985647342,0.022087357912796955,NA,NA,NA
T195__pvr_0,0.014223919417011541,-0.009286981710522073,0.04652824782315585,NA,NA,NA
T195__pvr_1,-0.0008073955726005989,-0.020701033734792477,0.026835086445134656,NA,NA,NA
T195__time,-0.01555951171890612,-0.02690542753367247,-0.005670527200600429,NA,NA,NA
T196__cont_trait_0,0.006436426974523641,-0.018230286114971045,0.03643626171761998,0.08230349301957703,0.00992698423926565,0.16916622888702093
T196__cat_trait_0,0.00493853529098056,-0.017139241721049872,0.032313027848016734,NA,NA,NA
T196__pvr_0,-0.009816206476450429,-0.03833879296438386,0.02860803240262262,NA,NA,NA
T196__pvr_1,0.008668543311711732,-0.013041841198049544,0.03521740465557473,NA,NA,NA
T196__time,0.04118249391328401,-0.0010573927002798834,0.08108341702963931,NA,NA,NA
T197__cont_trait_0,-0.0002852512476114797,-0.023869797643182363,0.0273152895665782,0.02572659991882285,6.39544151460193e-05,0.08301656213269432
T197__cat_trait_0,0.0023063061153335788,-0.010991734761938755,0.020778729598443638,NA,NA,NA
T197__pvr_0,0.005100880167502595,-0.009783008979293675,0.0243596720783915,NA,NA,NA
T197__pvr_1,0.0031544492119877495,-0.0331659315335092,0.0466879142251673,NA,NA,NA
T197__time,-0.015443484333917063,-0.026121321912629045,-0.0055283939040649405,NA,NA,NA
T198__cont_trait_0,0.003107821239767713,-0.007760453529366574,0.01925603789865831,0.031489905351534155,0.0012331102984729052,0.10147211285059511
T198__cat_trait_0,-0.0008506927401207136,-0.01402942358818614,0.020492628934064255,NA,NA,NA
T198__pvr_0,0.006338180617561469,-0.010811610696786106,0.030588893506949686,NA,NA,NA
T198__pvr_1,0.007729497016378041,-0.01170928157593094,0.028464833164199455,NA,NA,NA
T198__time,-0.015728600787579792,-0.027486364010869464,-0.003906197966022165,NA,NA,NA
T200__cont_trait_0,0.00520945443944476,-0.00826127891734553,0.022108264004107016,0.05389372285153902,0.008057624579579403,0.09526702309295233
T200__cat_trait_0,0.006818111631832446,-0.009833056945928864,0.02715771542472734,NA,NA,NA
T200__pvr_0,0.015269995551092196,-0.016525845892117547,0.04130154117359629,NA,NA,NA
T200__pvr_1,-0.0028272351836626645,-0.023604138428662786,0.021783528118136955,NA,NA,NA
T200__time,-0.0014703035926951831,-0.013422924235517868,0.012715810245679388,NA,NA,NA
T201__cont_trait_0,0.003960350394048296,-0.026602884444638653,0.0368523758902511,0.10116127215455958,0.027314620469788525,0.18599269428090925
T201__cat_trait_0,0.0051646237701198335,-0.01803483095101497,0.03393395726355411,NA,NA,NA
T201__pvr_0,0.014570507270368249,-0.013453635514970204,0.050798281305725425,NA,NA,NA
T201__pvr_1,0.010554048985127941,-0.036466492333944764,0.05906361052705891,NA,NA,NA
T201__time,0.03601804172936775,0.001591974731192606,0.07600735006585674,NA,NA,NA
T202__cont_trait_0,0.0038466491616200495,-0.015587705638059432,0.030757741802350125,0.10620711522255855,0.03396022281629614,0.1828564241159335
T202__cat_trait_0,-0.0022773808513221632,-0.024568834784118414,0.020204346376740685,NA,NA,NA
T202__pvr_0,0.012749086930325972,-0.015308994472071704,0.044815706679998124,NA,NA,NA
T202__pvr_1,0.015136038122453553,-0.010094808367243462,0.04188936715689845,NA,NA,NA
T202__time,0.04585902185395373,0.0018315235053832247,0.08673953107100948,NA,NA,NA
T203__cont_trait_0,0.002180608073399281,-0.01135596645211237,0.018794720379156662,0.037029204763203434,0.0019725336704014013,0.08826409887280344
T203__cat_trait_0,0.0037741097333214217,-0.01321394645346846,0.01810798070180304,NA,NA,NA
T203__pvr_0,0.01339128064351254,-0.008588445734869473,0.04028324462401053,NA,NA,NA
T203__pvr_1,0.0020416876819064596,-0.014728892635589819,0.0202006150490084,NA,NA,NA
T203__time,-0.015252181374463712,-0.025657877093950156,-0.005502055296109552,NA,NA,NA
T205__cont_trait_0,0.0011151596752668586,-0.01543343552667212,0.018192355181156267,0.02616517426723297,0.0006851351708606042,0.07908714061091593
T205__cat_trait_0,0.002139443578311816,-0.008862765422443308,0.014373573797091005,NA,NA,NA
T205__pvr_0,0.0103882674282781,-0.011222503663018114,0.04247739791287436,NA,NA,NA
T205__pvr_1,-0.005647185660555545,-0.03138577171367951,0.0267327490797354,NA,NA,NA
T205__time,-0.012724210759595676,-0.021947434850495166,-0.003324966258473734,NA,NA,NA
T206__cont_trait_0,0.005496057427446322,-0.004284373229896556,0.022676531266337167,0.03678352958437063,0.002247842060482199,0.09169877365775536
T206__cat_trait_0,0.004045023923761381,-0.008124339070689452,0.019689061400760745,NA,NA,NA
T206__pvr_0,0.013679872692248128,-0.012415094447079496,0.04405796719297529,NA,NA,NA
T206__pvr_1,-0.0026555147151077155,-0.02511846942847834,0.024927462449447112,NA,NA,NA
T206__time,-0.014675609749504943,-0.025197786762285256,-0.00498863421179269,NA,NA,NA
T207__cont_trait_0,0.008007337473026666,-0.004884554725591068,0.02321278657225239,0.0563598286890392,0.0061136544717042465,0.11526365133319715
T207__cat_trait_0,0.007474792243686717,-0.010134049008428302,0.027833007104857636,NA,NA,NA
T207__pvr_0,0.013966468041839254,-0.010502156255295308,0.039841745630301934,NA,NA,NA
T207__pvr_1,0.011033892358387977,-0.00558011919649104,0.0326978664927683,NA,NA,NA
T207__time,-0.015016361433428884,-0.02776141359148028,-0.0019149347833661429,NA,NA,NA
T208__cont_trait_0,0.00206978578667328,-0.030318500138865178,0.03761959441860457,0.023058044549766635,0.0007400710457496915,0.07206684355996038
T208__cat_trait_0,0.0013462501933508126,-0.00997612490415647,0.013537226260999756,NA,NA,NA
T208__pvr_0,0.004097353020953328,-0.009115332014964957,0.020153491837171005,NA,NA,NA
T208__pvr_1,-0.0009743939187542038,-0.028247239215680255,0.040945875182241825,NA,NA,NA
T208__time,-0.01437465053798404,-0.02502984336436919,-0.004384465590441408,NA,NA,NA
T209__cont_trait_0,0.004231377104050573,-0.01846007774861195,0.03071173644269215,0.034377381186571083,0.0008637102095837828,0.10128024063447118
T209__cat_trait_0,-0.0008744550763913375,-0.013743624037100426,0.015311842510069663,NA,NA,NA
T209__pvr_0,0.010360424881971187,-0.01157673363955112,0.040840827000619695,NA,NA,NA
T209__pvr_1,0.0036659495570994438,-0.012784687878132597,0.029085011843387465,NA,NA,NA
T209__time,-0.013899615285686256,-0.02540346162320292,-0.004217721065763721,NA,NA,NA
T210__cont_trait_0,-0.001601791365940613,-0.023684532896321667,0.019340876606193807,0.025392660472818296,0.0002687780843948827,0.08095102469085527
T210__cat_trait_0,0.001700220211731175,-0.011233911371709066,0.014503796587816774,NA,NA,NA
T210__pvr_0,0.005406740990134886,-0.008860402985948937,0.025455254965097863,NA,NA,NA
T210__pvr_1,0.003976933270797899,-0.0279940014649272,0.05319823754171226,NA,NA,NA
T210__time,-0.01498314263943251,-0.024966901162685008,-0.0033047700720653123,NA,NA,NA
T211__cont_trait_0,-0.004910877769835184,-0.023209083093977526,0.019952322241428018,0.019919488728624417,0.0002872211905694329,0.06691702141469036
T211__cat_trait_0,0.0010351702880830108,-0.00960731007241718,0.010734606378193628,NA,NA,NA
T211__pvr_0,0.003039784281254935,-0.00837928300158323,0.02014181273042131,NA,NA,NA
T211__pvr_1,0.0045358586348522726,-0.012503313280234594,0.03189120550363478,NA,NA,NA
T211__time,-0.01467414671125805,-0.02551224754497282,-0.005020162103007254,NA,NA,NA
T212__cont_trait_0,0.003904835512276678,-0.007234186370569121,0.017473052304935177,0.016224757776294563,0.0010987355546440841,0.04827494874977639
T212__cat_trait_0,0.0003842138614665374,-0.011141218070816215,0.01363455147925453,NA,NA,NA
T212__pvr_0,-0.004737559852572664,-0.021582851364140135,0.00905161621537803,NA,NA,NA
T212__pvr_1,0.0010466651730986498,-0.006027568465296041,0.008935419005376219,NA,NA,NA
T212__time,-0.015267096923502114,-0.02650707778230635,-0.0056540181378886,NA,NA,NA
T214__cont_trait_0,0.0029930281841900742,-0.015172964458264274,0.02354416401493438,0.018485149965533274,0.0006996817569245072,0.0617095702830629
T214__cat_trait_0,0.0006009826023925082,-0.012469800231461428,0.01519736054958164,NA,NA,NA
T214__pvr_0,-0.003274781100318601,-0.01814193776954932,0.015573469168269835,NA,NA,NA
T214__pvr_1,0.0016301437684932308,-0.006453468295007788,0.011386072857496418,NA,NA,NA
T214__time,-0.014357923494751412,-0.025270979807967053,-0.003954437948595835,NA,NA,NA
T215__cont_trait_0,0.002336756438670075,-0.012302177938710418,0.021182491345947206,0.06803963425691067,0.025368404215350984,0.11689819607443067
T215__cat_trait_0,0.006216960194635637,-0.012150357821162187,0.026131877691250967,NA,NA,NA
T215__pvr_0,0.012350735726324977,-0.018247798707593417,0.04775319205633623,NA,NA,NA
T215__pvr_1,-0.010976264957274709,-0.04495166470108908,0.023363105908439038,NA,NA,NA
T215__time,0.027217746849027242,-0.00017541765282787398,0.05675374951211652,NA,NA,NA
T216__cont_trait_0,0.005081579001315818,-0.005064552074350682,0.02065439924443128,0.035315540987280666,0.0009128363722313432,0.08912040648906348
T216__cat_trait_0,0.0036894380588248536,-0.00785391663907062,0.019638283137288104,NA,NA,NA
T216__pvr_0,0.01345561481417376,-0.01181312950098419,0.047105531158023295,NA,NA,NA
T216__pvr_1,-0.0036973597873261057,-0.029813082033912825,0.02641781056662652,NA,NA,NA
T216__time,-0.014107431105235138,-0.02510710717044088,-0.0051433447974741295,NA,NA,NA
T217__cont_trait_0,0.0032055352302947622,-0.011479097446406808,0.023112813787847734,0.01793329085416666,0.0008145620093140465,0.058572112850659566
T217__cat_trait_0,0.0005671606523260443,-0.012179303441044214,0.014499523400211187,NA,NA,NA
T217__pvr_0,-0.0035592205837456626,-0.0194850309025376,0.01243732957182574,NA,NA,NA
T217__pvr_1,0.0014771405993904442,-0.004965542013519208,0.012291456533181732,NA,NA,NA
T217__time,-0.01465102504962638,-0.025783478222488262,-0.004906909074089144,NA,NA,NA
T218__cont_trait_0,0.0012331468999858938,-0.008225301492137153,0.01295549075149698,0.012564341116646777,0.0006905178654323966,0.038505550571758876
T218__cat_trait_0,-0.00011232345493716548,-0.008629297435515614,0.011468297878026477,NA,NA,NA
T218__pvr_0,-0.0070875896687681095,-0.024315756454524606,0.007836928109260045,NA,NA,NA
T218__pvr_1,0.0006732233158633151,-0.008844009755488358,0.008638949611494327,NA,NA,NA
T218__time,-0.013035815981024608,-0.022482695373044467,-0.0036618668605806082,NA,NA,NA
T219__cont_trait_0,0.00047702562439246775,-0.008788054656358152,0.008257310615074127,0.014693093659935543,0.000676040269719163,0.05090374766519715
T219__cat_trait_0,0.002067061677320611,-0.008959332230721886,0.015070616971774229,NA,NA,NA
T219__pvr_0,-0.006346195417542048,-0.021428317534225437,0.010383275490822576,NA,NA,NA
T219__pvr_1,0.0005800935426856825,-0.008170761418493884,0.009978895144456872,NA,NA,NA
T219__time,-0.012978591772448634,-0.023770666919667647,-0.003991054087823494,NA,NA,NA
T220__cont_trait_0,0.0024205696691899244,-0.0051371250538074726,0.01214222714139474,0.014098438770496647,0.0006959200630173735,0.041939197806239316
T220__cat_trait_0,0.0012498339423869746,-0.009627961199512643,0.01205525813335092,NA,NA,NA
T220__pvr_0,-0.006584407521686996,-0.022434949237718445,0.0067492014964935405,NA,NA,NA
T220__pvr_1,0.0007343114710598902,-0.006754511827780968,0.008153710139257676,NA,NA,NA
T220__time,-0.01461556879598061,-0.02526717309047441,-0.004845591524362221,NA,NA,NA
T221__cont_trait_0,0.002825262645517589,-0.006282566347900061,0.016843254181127754,0.03217457983089586,0.00047341174119111713,0.09764955822837243
T221__cat_trait_0,-0.0007566423905710494,-0.012988516402780346,0.017043496592249983,NA,NA,NA
T221__pvr_0,0.011486621751877936,-0.009350311645642703,0.04154567423299575,NA,NA,NA
T221__pvr_1,0.0012382527543328148,-0.012247464777768356,0.02448548995690216,NA,NA,NA
T221__time,-0.013512614935788873,-0.025839944933093956,-0.002802301080557939,NA,NA,NA
T222__cont_trait_0,0.0006690459265907011,-0.012347244796487453,0.012257259829091217,0.026645426013935145,0.0010866719185835443,0.07564909202052547
T222__cat_trait_0,0.0024010717403135273,-0.008988451421043833,0.014686210259600294,NA,NA,NA
T222__pvr_0,0.011980384901526428,-0.012943713570033141,0.04096101074571327,NA,NA,NA
T222__pvr_1,-0.006169415588947219,-0.03473506183214306,0.023924292237327487,NA,NA,NA
T222__time,-0.013129360971075765,-0.022007388659859815,-0.004995664112055018,NA,NA,NA
T223__cont_trait_0,0.0022913544751631335,-0.009032277018553482,0.014734270055074283,0.01370155522767104,0.0006567602873863753,0.04119169539567569
T223__cat_trait_0,8.37850388705541e-07,-0.009186595232604088,0.01226741954202416,NA,NA,NA
T223__pvr_0,-0.007149127405710287,-0.025070425582606526,0.007732971717579248,NA,NA,NA
T223__pvr_1,0.0009696572168223809,-0.008309355724352986,0.009562842641132843,NA,NA,NA
T223__time,-0.013304866914520324,-0.022557482693539875,-0.0034086022708103058,NA,NA,NA
T224__cont_trait_0,0.0032693952723123637,-0.014098884080864554,0.03347424941373945,0.021513599151692157,0.0003862033359483836,0.07230831503853427
T224__cat_trait_0,0.002387910621437246,-0.009462291234549301,0.016183276164788533,NA,NA,NA
T224__pvr_0,-0.0020854261164884673,-0.020948925626237937,0.021006131182121867,NA,NA,NA
T224__pvr_1,0.0021894875557909713,-0.0066385254629965345,0.01408688518036556,NA,NA,NA
T224__time,-0.015141468186887396,-0.026212307972604626,-0.0032485443076939163,NA,NA,NA
T225__cont_trait_0,-0.0010721463491007964,-0.02641741466895145,0.026223768084266776,0.02080392023875449,0.0005260150606282027,0.06618419768521425
T225__cat_trait_0,0.0013063351329859097,-0.010190863279273786,0.01245006344368137,NA,NA,NA
T225__pvr_0,0.004011558084748441,-0.009882132082986893,0.019362540031283924,NA,NA,NA
T225__pvr_1,0.00041016925561644744,-0.02691454089537329,0.04180813625205172,NA,NA,NA
T225__time,-0.014745695891022976,-0.02578408639592831,-0.004825472096041875,NA,NA,NA
T226__cont_trait_0,0.011233624418258323,-0.008265159448948485,0.04411510305616623,0.025843937979094043,0.0008868133563320595,0.0802928587092976
T226__cat_trait_0,0.0009015599085645381,-0.012742618423399613,0.01863357413933163,NA,NA,NA
T226__pvr_0,-0.006320750188966166,-0.03067898785838341,0.01887113936263271,NA,NA,NA
T226__pvr_1,0.00403706280442581,-0.010244052554163776,0.01823079969164785,NA,NA,NA
T226__time,-0.014901258968715924,-0.025535787771971897,-0.003070603476729169,NA,NA,NA
T227__cont_trait_0,-0.0018902833092342614,-0.02492506366315192,0.019972224135813912,0.0241046586068189,0.00030680104454724566,0.07447774602379587
T227__cat_trait_0,0.0015908042883025053,-0.010091689284585837,0.014937937041331395,NA,NA,NA
T227__pvr_0,0.00515204702982531,-0.009614623202995396,0.023536491850507713,NA,NA,NA
T227__pvr_1,0.0031295712875054273,-0.027990215468502565,0.05150386388115538,NA,NA,NA
T227__time,-0.01477118069510752,-0.024602044468755004,-0.0030147845326561726,NA,NA,NA
